    0.000000    -0.000000    -0.000000     0.000000   902.515300  1545.035500  1545.035500
    0.011547    -3.598400    19.335700    32.717900   902.440100  1544.867500  1545.213400
    0.023094    -7.126300    38.672400    65.423500   902.214300  1544.363800  1545.743400
    0.034641   -10.510600    58.010900    98.104300   901.836800  1543.525000  1546.614700
    0.046188   -13.673400    77.350800   130.747500   901.305900  1542.352200  1547.809300
    0.057735   -16.528000    96.690600   163.340100   900.619200  1540.847300  1549.302700
    0.069282   -18.974200   116.027000   195.868400   899.773500  1539.012600  1551.063900
    0.080829   -20.890300   135.354700   228.318300   898.765200  1536.851100  1553.056400
    0.092376   -22.118500   154.665900   260.674800   897.589800  1534.366900  1555.238600
    0.103923   -22.437200   173.950400   292.922500   896.241900  1531.565000  1557.564500
    0.115470   -21.494600   193.194900   325.045100   894.715900  1528.451700  1559.984400
    0.127017   -18.604300   212.383400   357.025300   893.005000  1525.034400  1562.445900
    0.138564   -11.621600   231.496600   388.845500   891.102100  1521.322400  1564.894700
    0.150111    13.912500   250.512300   420.487100   888.999400  1517.326400  1567.275100
    0.161658    25.762900   269.405100   451.930900   886.688300  1513.058900  1569.531200
    0.173205    36.067900   288.146700   483.157100   884.159800  1508.534500  1571.607400
    0.184752    46.171400   306.705800   514.145700   881.404400  1503.769700  1573.449000
    0.196299    56.429300   325.048800   544.876100   878.412200  1498.783400  1575.003400
    0.207846    66.984900   343.139200   575.327500   875.172900  1493.596500  1576.220100
    0.219393    77.905300   360.938800   605.479400   871.675800  1488.232300  1577.051500
    0.230940    89.222500   378.407400   635.311100   867.910400  1482.716200  1577.453300
    0.242487   100.949800   395.503700   664.802400   863.865800  1477.075700  1577.385000
    0.254034   113.089100   412.185200   693.933700   859.531400  1471.340500  1576.810000
    0.265581   125.635000   428.409100   722.685900   854.896800  1465.542000  1575.696000
    0.277128   138.576400   444.132900   751.040900   849.952100  1459.713100  1574.015100
    0.288675   151.898200   459.314700   778.981600   844.687900  1453.887900  1571.743700
    0.300222   165.581600   473.914000   806.492300   839.095500  1448.101300  1568.862900
    0.311769   179.605000   487.892700   833.167200   833.558400  1442.388700  1565.358000
    0.323316   193.944000   501.215300   826.896700   860.167000  1436.785000  1561.218700
    0.334863   208.571500   513.849900   820.279000   886.306900  1431.324500  1556.438700
    0.346410   223.458200   525.769000   813.310600   911.968400  1426.039800  1551.015900
    0.357957   238.572200   536.950400   805.990600   937.143800  1420.961700  1544.951300
    0.369504   253.879100   547.377200   798.319900   961.827000  1416.118000  1538.249600
    0.381051   269.341500   557.039000   790.302900   986.014000  1411.533100  1530.918200
    0.392598   284.919200   565.932300   781.946900  1009.702400  1407.227800  1522.967300
    0.404145   300.568500   574.060200   773.263800  1032.891600  1403.218100  1514.409100
    0.415692   316.241300   581.433300   764.270200  1055.582700  1399.515800  1505.257600
    0.427239   331.884400   588.068700   754.989100  1077.778200  1396.127800  1495.528200
    0.438786   347.438100   593.990200   745.451400  1099.482200  1393.056100  1485.237100
    0.450333   362.834000   599.227500   735.697800  1120.699800  1390.298500  1474.401300
    0.461880   377.992300   603.815100   725.782100  1141.437000  1387.848500  1463.037600
    0.473427   392.817900   607.791400   715.775400  1161.700700  1385.696500  1451.163000
    0.484974   407.194700   611.197500   705.771200  1181.498200  1383.829700  1438.793700
    0.496521   420.977800   614.075400   695.894300  1200.836700  1382.233700  1425.945100
    0.508068   433.983100   616.466800   686.310500  1219.723400  1380.892900  1412.631900
    0.519615   445.974800   618.411700   677.239700  1238.164400  1379.791700  1398.867700
    0.531162   456.652000   619.946700   668.969000  1256.163900  1378.914900  1384.666000
    0.542709   465.642800   621.103700   661.859300  1273.722000  1370.041700  1378.249100
    0.554256   472.517500   621.908800   656.331200  1290.825500  1355.020000  1377.783200
    0.565803   476.843500   622.381400   652.811300  1307.387300  1339.696900  1377.508600
    0.577350   478.286100   622.533300   651.630300  1320.324300  1327.160700  1377.420100
    0.584017   478.274700   622.860000   651.604700  1320.211500  1327.096600  1377.354100
    0.590684   478.240900   623.838200   651.527800  1319.873100  1326.904300  1377.156200
    0.597350   478.185600   625.463400   651.399400  1319.309900  1326.584100  1376.827200
    0.604017   478.110300   627.727500   651.218800  1318.522900  1326.136900  1376.368100
    0.610684   478.017100   630.619600   650.985500  1317.513600  1325.563300  1375.780600
    0.617350   477.908800   634.126100   650.698400  1316.284100  1324.864600  1375.066800
    0.624017   477.788800   638.230600   650.356300  1314.836700  1324.042000  1374.229300
    0.630684   477.660800   642.914500   649.958100  1313.174200  1323.096900  1373.271000
    0.637350   477.529300   648.156900   649.502300  1311.300100  1322.030900  1372.195500
    0.644017   477.399300   648.987000   653.935200  1309.218100  1320.845600  1371.007000
    0.650683   477.276300   648.410600   660.225300  1306.932500  1319.542700  1369.709900
    0.657350   477.166100   647.770900   667.001600  1304.447800  1318.124100  1368.309300
    0.664017   477.075100   647.065900   674.237700  1301.769300  1316.591500  1366.810900
    0.670683   477.010200   646.293300   681.906200  1298.902500  1314.946600  1365.220800
    0.677350   476.978600   645.450600   689.979300  1295.853500  1313.191200  1363.545700
    0.684017   476.987600   644.535300   698.428800  1292.628800  1311.326800  1361.792700
    0.690683   477.045100   643.544800   707.226200  1289.235400  1309.355000  1359.969600
    0.697350   477.159200   642.476300   716.343200  1285.680700  1307.277100  1358.084600
    0.704017   477.338000   641.327100   725.751400  1281.972900  1305.094500  1356.146200
    0.710683   477.589900   640.094300   735.422600  1278.120400  1302.808200  1354.163500
    0.717350   477.923500   638.775000   745.329000  1274.132400  1300.419500  1352.145800
    0.724017   478.347100   637.366200   755.442700  1270.018700  1297.929100  1350.102700
    0.730683   478.869300   635.864900   765.736300  1265.789800  1295.338300  1348.044100
    0.737350   479.498400   634.268200   776.182700  1261.456800  1292.647800  1345.979900
    0.744017   480.242700   632.573000   786.754700  1257.031800  1289.858800  1343.919900
    0.750683   481.110100   630.776500   797.425200  1252.527800  1286.972500  1341.873900
    0.757350   482.108400   628.875500   808.167000  1247.959000  1283.990200  1339.851400
    0.764017   483.245000   626.867400   818.952800  1243.340700  1280.913600  1337.861600
    0.770683   484.527000   624.749100   829.754400  1238.689700  1277.744700  1335.913400
    0.777350   485.960900   622.518000   840.543100  1234.024500  1274.485700  1334.014900
    0.784017   487.552700   620.171300   851.289000  1229.365700  1271.139200  1332.173900
    0.790683   489.308100   617.706500   861.960500  1224.736100  1267.708400  1330.397400
    0.797350   491.232000   615.121000   872.524300  1220.161300  1264.196400  1328.692000
    0.804017   493.328600   612.412500   882.944400  1215.670200  1260.607100  1327.063200
    0.810683   495.601700   609.578600   893.181400  1211.295600  1256.944400  1325.516200
    0.817350   498.054100   606.617300   903.192500  1207.074700  1253.212500  1324.055600
    0.824017   500.688200   603.526500   912.929900  1203.049700  1249.415600  1322.685000
    0.830683   503.505400   600.304500   922.340800  1199.268800  1245.558300  1321.407900
    0.837350   506.506600   596.949500   931.366300  1195.786300  1241.645000  1320.226800
    0.844017   509.691700   593.460100   939.941400  1192.663400  1237.680100  1319.144200
    0.850683   513.060100   589.834800   947.994800  1189.967600  1233.667800  1318.161800
    0.857350   516.610400   586.072500   955.450000  1187.772100  1229.612100  1317.281000
    0.864017   520.340300   582.172300   962.227100  1186.153700  1225.516900  1316.503000
    0.870683   524.247200   578.133400   968.246000  1185.189200  1221.385600  1315.828400
    0.877350   528.327500   573.955100   973.431600  1184.951100  1217.221200  1315.257900
    0.884017   532.577100   569.637200   977.718800  1185.501500  1213.026500  1314.791700
    0.890683   536.991300   565.179400   981.059600  1186.885600  1208.803600  1314.429800
    0.897350   541.564700   560.581900   983.427700  1189.127100  1204.554400  1314.172300
    0.904017   546.290600   555.845700   984.821600  1192.223600  1200.280600  1314.018900
    0.910683   550.863600   551.270700   985.264700  1195.888700  1196.243200  1313.969300
    0.924017   541.118200   561.012700   983.599900  1187.570800  1205.936000  1314.167000
    0.937350   530.418300   571.669300   978.828100  1178.790800  1218.569600  1314.774600
    0.950683   519.181700   582.771600   971.539000  1169.886100  1233.171400  1315.788000
    0.964017   507.422200   594.254500   962.267300  1160.829600  1249.175000  1317.203200
    0.977350   495.156900   606.051300   951.440000  1151.584700  1266.117700  1319.016800
    0.990683   482.406100   618.094300   939.374900  1142.106200  1283.642100  1321.225700
    1.004017   469.192900   630.316500   926.299500  1132.340800  1301.477300  1323.827500
    1.017350   455.543200   642.652100   912.373000  1122.228800  1319.417100  1326.820000
    1.030683   441.485500   655.037600   897.704800  1111.705200  1330.200700  1337.301700
    1.044017   427.051000   667.412400   882.369100  1100.701700  1333.966600  1355.004000
    1.057350   412.272900   679.719000   866.415700  1089.148400  1338.113300  1372.419800
    1.070683   397.186300   691.904100   849.876900  1076.975300  1342.634500  1389.460800
    1.084017   381.828400   703.918300   832.773900  1064.114100  1347.521800  1406.050200
    1.097350   366.237700   715.716600   815.120500  1050.500100  1352.763400  1422.119500
    1.110683   350.454200   727.258400   796.926500  1036.073000  1358.344700  1437.606500
    1.124017   334.518900   738.507500   778.199700  1020.778400  1364.247500  1452.454000
    1.137350   318.473400   749.432600   758.947900  1004.568500  1370.450300  1466.609300
    1.150683   302.360100   739.180100   760.006400   987.402700  1376.928600  1480.023900
    1.164016   286.221700   718.907700   770.206300   969.248300  1383.654500  1492.653500
    1.177350   270.100800   698.144900   780.013700   950.080200  1390.597800  1504.458200
    1.190683   254.039900   676.909500   789.414100   929.881100  1397.726100  1515.402900
    1.204016   238.081000   655.222900   798.396600   908.641600  1405.005200  1525.457900
    1.217350   222.265500   633.110500   806.954000   886.359400  1412.399900  1534.599500
    1.230683   206.633700   610.601100   815.082500   863.039200  1419.874000  1542.810000
    1.244016   191.224700   587.727200   822.781200   838.692400  1427.391200  1550.079200
    1.257350   176.076200   564.524600   813.336000   830.051800  1434.915200  1556.403900
    1.270683   161.223800   541.031600   786.992900   836.898700  1442.410400  1561.789200
    1.284016   146.701000   517.289000   759.690600   843.328400  1449.841600  1566.248000
    1.297350   132.538500   493.339100   731.460900   849.349100  1457.175000  1569.802200
    1.310683   118.763500   469.225200   702.339300   854.970700  1464.377900  1572.482000
    1.324016   105.398500   444.991000   672.364600   860.204300  1471.419100  1574.326300
    1.337350    92.459900   420.679800   641.578100   865.062200  1478.268800  1575.382800
    1.350683    79.954600   396.333600   610.023200   869.557300  1484.899000  1575.707000
    1.364016    67.874900   371.992500   577.744600   873.703000  1491.283400  1575.362400
    1.377350    56.187000   347.694300   544.788500   877.512900  1497.397300  1574.419700
    1.390683    44.804300   323.473100   511.201500   881.000900  1503.217900  1572.955600
    1.404016    33.511000   299.359400   477.030400   884.180500  1508.724000  1571.052500
    1.417350    21.649300   275.378800   442.322200   887.065000  1513.896300  1568.796800
    1.430683     3.216900   251.552200   407.123400   889.667300  1518.717000  1566.278000
    1.444016   -16.882800   227.895000   371.479700   891.999500  1523.170100  1563.586800
    1.457350   -21.185400   204.416800   335.436200   894.073200  1527.241100  1560.814200
    1.470683   -22.593700   181.121500   299.037100   895.898800  1530.917100  1558.049100
    1.484016   -22.297600   158.007100   262.325400   897.486000  1534.186700  1555.377500
    1.497350   -20.822600   135.065800   225.343200   898.843700  1537.040000  1552.880000
    1.510683   -18.480500   112.284500   188.131400   899.979400  1539.468500  1550.630500
    1.524016   -15.488100    89.644800   150.730000   900.899500  1541.465000  1548.694700
    1.537349   -12.012400    67.124200   113.178100   901.609600  1543.023700  1547.128600
    1.550683    -8.192400    44.696400    75.514100   902.113800  1544.140300  1545.976900
    1.564016    -4.150600    22.332100    37.775600   902.415100  1544.811500  1545.272500
    1.577349    -0.000000    -0.000000     0.000000   902.515300  1545.035500  1545.035500
