    0.000000    -0.000000    -0.000000     0.000000
    0.011785     4.461000     4.461000     8.622100
    0.023570     8.921600     8.921600    17.239700
    0.035355    13.381600    13.381600    25.848300
    0.047140    17.840700    17.840700    34.443500
    0.058926    22.298400    22.298400    43.020700
    0.070711    26.754200    26.754200    51.575400
    0.082496    31.207500    31.207500    60.102900
    0.094281    35.657700    35.657700    68.598800
    0.106066    40.103900    40.103900    77.058300
    0.117851    44.545200    44.545200    85.476800
    0.129636    48.980400    48.980400    93.849500
    0.141421    53.408300    53.408300   102.171700
    0.153206    57.827300    57.827300   110.438400
    0.164992    62.235900    62.235900   118.644900
    0.176777    66.632100    66.632100   126.786200
    0.188562    71.014100    71.014100   134.857200
    0.200347    75.379500    75.379500   142.852900
    0.212132    79.725900    79.725900   150.768100
    0.223917    84.050600    84.050600   158.597800
    0.235702    88.350900    88.350900   166.336600
    0.247487    92.623600    92.623600   173.979300
    0.259272    96.865600    96.865600   181.520600
    0.271058   101.073500   101.073500   188.955100
    0.282843   105.243600   105.243600   196.277400
    0.294628   109.372200   109.372200   203.482100
    0.306413   113.455400   113.455400   210.563600
    0.318198   117.489200   117.489200   217.516700
    0.329983   121.469200   121.469200   224.335600
    0.341768   125.391300   125.391300   231.015100
    0.353553   129.251000   129.251000   237.549600
    0.365339   133.043800   133.043800   243.933700
    0.377124   136.765100   136.765100   250.161900
    0.388909   140.410200   140.410200   256.228900
    0.400694   143.974600   143.974600   262.129300
    0.412479   147.453400   147.453400   267.857900
    0.424264   150.842100   150.842100   273.409400
    0.436049   154.135800   154.135800   278.778800
    0.447834   157.329900   157.329900   283.961100
    0.459619   160.419800   160.419800   288.951200
    0.471405   163.400900   163.400900   293.744500
    0.483190   166.268700   166.268700   298.336200
    0.494975   169.018900   169.018900   302.721900
    0.506760   171.647300   171.647300   306.897200
    0.518545   174.149500   174.149500   310.857800
    0.530330   176.521800   176.521800   314.599800
    0.542115   178.760200   178.760200   318.119300
    0.553900   180.861100   180.861100   321.412600
    0.565685   182.821000   182.821000   324.476300
    0.577471   184.636700   184.636700   327.307300
    0.589256   186.305100   186.305100   329.902400
    0.601041   187.823400   187.823400   332.258900
    0.612826   189.189000   189.189000   334.374200
    0.624611   190.399500   190.399500   336.246200
    0.636396   191.453000   191.453000   337.872800
    0.648181   192.347500   192.347500   339.252100
    0.659966   193.081500   193.081500   340.382700
    0.671751   193.653700   193.653700   341.263400
    0.683537   194.063200   194.063200   341.893100
    0.695322   194.309200   194.309200   342.271200
    0.707107   194.391200   194.391200   342.397300
    0.715440   194.380400   194.456500   342.353200
    0.723773   194.348100   194.652200   342.220800
    0.732107   194.294200   194.977200   342.000200
    0.740440   194.218700   195.429800   341.691700
    0.748773   194.121500   196.007700   341.295200
    0.757107   194.002500   196.707800   340.811200
    0.765440   193.861700   197.526600   340.239800
    0.773773   193.699000   198.460000   339.581500
    0.782107   193.514200   199.503300   338.836600
    0.790440   193.307100   200.651400   338.005500
    0.798773   193.077800   201.898700   337.088800
    0.807107   192.825900   203.239500   336.087100
    0.815440   192.551300   204.667400   335.000800
    0.823773   192.253800   206.176100   333.830700
    0.832107   191.933200   207.758700   332.577400
    0.840440   191.589300   209.408500   331.241800
    0.848773   191.221800   211.118500   329.824600
    0.857107   190.830600   212.881500   328.326600
    0.865440   190.415300   214.690500   326.748700
    0.873773   189.975700   216.538200   325.091900
    0.882107   189.511600   218.417700   323.357200
    0.890440   189.022600   220.321800   321.545600
    0.898773   188.508400   222.243400   319.658000
    0.907107   187.968800   224.175800   317.695800
    0.915440   187.403500   226.112100   315.659900
    0.923773   186.812200   228.045600   313.551700
    0.932107   186.194500   229.969700   311.372300
    0.940440   185.550100   231.878200   309.122900
    0.948773   184.878800   233.764800   306.805000
    0.957107   184.180200   235.623400   304.419900
    0.965440   183.453900   237.448200   301.968900
    0.973773   182.699800   239.233500   299.453400
    0.982107   181.917300   240.973700   296.874900
    0.990440   181.106300   242.663600   294.234800
    0.998773   180.266500   244.298000   291.534800
    1.007107   179.397400   245.872000   288.776200
    1.015440   178.498800   247.380700   285.960700
    1.023773   177.570400   248.819600   283.089800
    1.032107   176.611900   250.184400   280.165200
    1.040440   175.623000   251.470700   277.188500
    1.048773   174.603400   252.674600   274.161300
    1.057107   173.552800   253.792200   271.085300
    1.065440   172.471000   254.819800   267.962200
    1.073773   171.357700   255.754000   264.793700
    1.082107   170.212700   256.591400   261.581600
    1.090440   169.035700   257.328800   258.327400
    1.098773   167.826500   255.033100   257.963400
    1.107107   166.584900   251.700300   258.492100
    1.115440   165.310700   248.330800   258.912500
    1.123773   164.003700   244.926400   259.221900
    1.132107   162.663700   241.488800   259.418100
    1.140440   161.290600   238.019800   259.498900
    1.148773   159.884200   234.521100   259.462200
    1.157107   158.444400   230.994600   259.306300
    1.165440   156.971100   227.441900   259.029300
    1.173773   155.464100   223.865000   258.629600
    1.182107   153.923600   220.265300   258.106000
    1.190440   152.349300   216.644900   257.457000
    1.198773   150.741200   213.005200   256.681600
    1.207107   149.099300   209.348200   255.778600
    1.215440   147.423600   205.675400   254.747400
    1.223773   145.714200   201.988500   253.587100
    1.232107   143.971000   198.289200   252.297200
    1.240440   142.194200   194.579100   250.877200
    1.248773   140.383700   190.859800   249.326800
    1.257107   138.539800   187.133000   247.645700
    1.265440   136.662500   183.400100   245.834000
    1.273773   134.752000   179.662700   243.891600
    1.282107   132.808300   175.922300   241.818800
    1.290440   130.831800   172.180300   239.615900
    1.298773   128.822600   168.438100   237.283200
    1.307107   126.781000   164.697200   234.821300
    1.315440   124.707100   160.958800   232.231000
    1.323773   122.601400   157.224300   229.512900
    1.332107   120.463900   153.494900   226.667900
    1.340440   118.295100   149.771800   223.697100
    1.348773   116.095300   146.056100   220.601500
    1.357107   113.864900   142.349100   217.382400
    1.365440   111.604200   138.651600   214.041100
    1.373773   109.313600   134.964800   210.579100
    1.382107   106.993500   131.289600   206.997800
    1.390440   104.644400   127.626800   203.298900
    1.398773   102.266800   123.977300   199.484100
    1.407107    99.861000   120.341800   195.555200
    1.415440    97.427700   116.721100   191.514200
    1.423773    94.967300   113.115800   187.363100
    1.432107    92.480400   109.526500   183.103900
    1.440440    89.967400   105.953700   178.738900
    1.448773    87.429100   102.397800   174.270400
    1.457107    84.866000    98.859300   169.700600
    1.465440    82.278600    95.338400   165.032100
    1.473773    79.667700    91.835400   160.267300
    1.482107    77.033900    88.350400   155.408800
    1.490440    74.377800    84.883700   150.459400
    1.498773    71.700100    81.435200   145.421800
    1.507107    69.001500    78.004900   140.298700
    1.515440    66.282700    74.592700   135.093000
    1.523773    63.544500    71.198600   129.807800
    1.532107    60.787600    67.822100   124.445900
    1.540440    58.012700    64.463100   119.010500
    1.548773    55.220600    61.121200   113.504700
    1.557107    52.412100    57.796000   107.931600
    1.565440    49.587900    54.487000   102.294600
    1.573773    46.748900    51.193700    96.596800
    1.582107    43.896000    47.915500    90.841600
    1.590440    41.029800    44.651600    85.032400
    1.598773    38.151300    41.401500    79.172500
    1.607107    35.261300    38.164400    73.265500
    1.615440    32.360600    34.939500    67.314800
    1.623773    29.450100    31.725800    61.324000
    1.632107    26.530700    28.522600    55.296500
    1.640440    23.603200    25.328900    49.236100
    1.648773    20.668600    22.143800    43.146200
    1.657107    17.727600    18.966200    37.030500
    1.665440    14.781300    15.795100    30.892600
    1.673773    11.830500    12.629400    24.736300
    1.682107     8.876000     9.468200    18.565200
    1.690440     5.918800     6.310300    12.383000
    1.698773     2.959900     3.154600     6.193300
    1.707107    -0.000000    -0.000000     0.000000
    1.714858     2.814700     2.814700     5.790800
    1.722610     5.628400     5.628400    11.579400
    1.730361     8.439800     8.439800    17.363300
    1.738113    11.247900    11.247900    23.140400
    1.745865    14.051500    14.051500    28.908400
    1.753616    16.849600    16.849600    34.664900
    1.761368    19.641000    19.641000    40.407700
    1.769119    22.424600    22.424600    46.134500
    1.776871    25.199400    25.199400    51.843100
    1.784622    27.964200    27.964200    57.531200
    1.792374    30.718000    30.718000    63.196600
    1.800125    33.459600    33.459600    68.837000
    1.807877    36.188000    36.188000    74.450100
    1.815628    38.902100    38.902100    80.033900
    1.823380    41.600800    41.600800    85.585900
    1.831132    44.283000    44.283000    91.104200
    1.838883    46.947800    46.947800    96.586400
    1.846635    49.594000    49.594000   102.030500
    1.854386    52.220600    52.220600   107.434200
    1.862138    54.826500    54.826500   112.795400
    1.869889    57.410800    57.410800   118.112100
    1.877641    59.972300    59.972300   123.382000
    1.885392    62.510200    62.510200   128.603200
    1.893144    65.023400    65.023400   133.773500
    1.900896    67.510800    67.510800   138.891000
    1.908647    69.971500    69.971500   143.953500
    1.916399    72.404600    72.404600   148.959200
    1.924150    74.809100    74.809100   153.905900
    1.931902    77.184000    77.184000   158.791800
    1.939653    79.528300    79.528300   163.614900
    1.947405    81.841300    81.841300   168.373300
    1.955156    84.121900    84.121900   173.065200
    1.962908    86.369200    86.369200   177.688600
    1.970659    88.582400    88.582400   182.241800
    1.978411    90.760500    90.760500   186.723000
    1.986163    92.902800    92.902800   191.130300
    1.993914    95.008300    95.008300   195.462100
    2.001666    97.076300    97.076300   199.716600
    2.009417    99.105900    99.105900   203.892100
    2.017169   101.096300   101.096300   207.987100
    2.024920   103.046800   103.046800   211.999800
    2.032672   104.956500   104.956500   215.928700
    2.040423   106.824800   106.824800   219.772200
    2.048175   108.650700   108.650700   223.528900
    2.055927   110.433800   110.433800   227.197100
    2.063678   112.173200   112.173200   230.775600
    2.071430   113.868200   113.868200   234.262800
    2.079181   115.518200   115.518200   237.657400
    2.086933   117.122600   117.122600   240.958100
    2.094684   118.680600   118.680600   244.163500
    2.102436   120.191700   120.191700   247.272300
    2.110187   121.655400   121.655400   250.283400
    2.117939   123.070900   123.070900   253.195600
    2.125690   124.437700   124.437700   256.007700
    2.133442   125.755400   125.755400   258.718500
    2.141194   127.023300   127.023300   261.327100
    2.148945   128.241100   128.241100   263.832300
    2.156697   129.408100   129.408100   266.233300
    2.164448   130.524000   130.524000   268.529000
    2.172200   131.588200   131.588200   270.718500
    2.179951   132.600500   132.600500   272.801000
    2.187703   133.560300   133.560300   274.775700
    2.195454   134.467300   134.467300   276.641700
    2.203206   135.321200   135.321200   278.398400
    2.210958   136.121600   136.121600   280.045000
    2.218709   136.868100   136.868100   281.580900
    2.226461   137.560600   137.560600   283.005500
    2.234212   138.198600   138.198600   284.318200
    2.241964   138.782000   138.782000   285.518500
    2.249715   139.310600   139.310600   286.605900
    2.257467   139.784100   139.784100   287.580000
    2.265218   140.202300   140.202300   288.440400
    2.272970   140.565100   140.565100   289.186800
    2.280721   140.872300   140.872300   289.818800
    2.288473   141.123800   141.123800   290.336300
    2.296225   141.319600   141.319600   290.739000
    2.303976   141.459500   141.459500   291.026700
    2.311728   141.543400   141.543400   291.199400
    2.319479   141.571400   141.571400   291.257000
