&CONTROL
  calculation = 'scf'
  prefix = 'si_sup'
  outdir = './tmp'
  pseudo_dir = '../../../pseudopotentzialak/'
  tprnfor = .true.
/
&SYSTEM
  ibrav = 0
  nat = 432
  ntyp = 1
  ecutwfc = 35
  occupations = 'fixed'
/
&ELECTRONS
  conv_thr = 1.0d-12
/
ATOMIC_SPECIES
  Si 28.086 Si.upf

CELL_PARAMETERS angstrom
  -16.181352    0.000000   16.181352
    0.000000   16.181352   16.181352
  -16.181352   16.181352    0.000000

ATOMIC_POSITIONS crystal
Si  0.000000  0.000000  0.000000
Si  0.041667  0.041667  0.041667
Si  0.000000  0.000000  0.166667
Si  0.041667  0.041667  0.208333
Si  0.000000  0.000000  0.333333
Si  0.041667  0.041667  0.375000
Si  0.000000  0.000000  0.500000
Si  0.041667  0.041667  0.541667
Si  0.000000  0.000000  0.666667
Si  0.041667  0.041667  0.708333
Si  0.000000  0.000000  0.833333
Si  0.041667  0.041667  0.875000
Si  0.000000  0.166667  0.000000
Si  0.041667  0.208333  0.041667
Si  0.000000  0.166667  0.166667
Si  0.041667  0.208333  0.208333
Si  0.000000  0.166667  0.333333
Si  0.041667  0.208333  0.375000
Si  0.000000  0.166667  0.500000
Si  0.041667  0.208333  0.541667
Si  0.000000  0.166667  0.666667
Si  0.041667  0.208333  0.708333
Si  0.000000  0.166667  0.833333
Si  0.041667  0.208333  0.875000
Si  0.000000  0.333333  0.000000
Si  0.041667  0.375000  0.041667
Si  0.000000  0.333333  0.166667
Si  0.041667  0.375000  0.208333
Si  0.000000  0.333333  0.333333
Si  0.041667  0.375000  0.375000
Si  0.000000  0.333333  0.500000
Si  0.041667  0.375000  0.541667
Si  0.000000  0.333333  0.666667
Si  0.041667  0.375000  0.708333
Si  0.000000  0.333333  0.833333
Si  0.041667  0.375000  0.875000
Si  0.000000  0.500000  0.000000
Si  0.041667  0.541667  0.041667
Si  0.000000  0.500000  0.166667
Si  0.041667  0.541667  0.208333
Si  0.000000  0.500000  0.333333
Si  0.041667  0.541667  0.375000
Si  0.000000  0.500000  0.500000
Si  0.041667  0.541667  0.541667
Si  0.000000  0.500000  0.666667
Si  0.041667  0.541667  0.708333
Si  0.000000  0.500000  0.833333
Si  0.041667  0.541667  0.875000
Si  0.000000  0.666667  0.000000
Si  0.041667  0.708333  0.041667
Si  0.000000  0.666667  0.166667
Si  0.041667  0.708333  0.208333
Si  0.000000  0.666667  0.333333
Si  0.041667  0.708333  0.375000
Si  0.000000  0.666667  0.500000
Si  0.041667  0.708333  0.541667
Si  0.000000  0.666667  0.666667
Si  0.041667  0.708333  0.708333
Si  0.000000  0.666667  0.833333
Si  0.041667  0.708333  0.875000
Si  0.000000  0.833333  0.000000
Si  0.041667  0.875000  0.041667
Si  0.000000  0.833333  0.166667
Si  0.041667  0.875000  0.208333
Si  0.000000  0.833333  0.333333
Si  0.041667  0.875000  0.375000
Si  0.000000  0.833333  0.500000
Si  0.041667  0.875000  0.541667
Si  0.000000  0.833333  0.666667
Si  0.041667  0.875000  0.708333
Si  0.000000  0.833333  0.833333
Si  0.041667  0.875000  0.875000
Si  0.166667  0.000000  0.000000
Si  0.208333  0.041667  0.041667
Si  0.166667  0.000000  0.166667
Si  0.208333  0.041667  0.208333
Si  0.166667  0.000000  0.333333
Si  0.208333  0.041667  0.375000
Si  0.166667  0.000000  0.500000
Si  0.208333  0.041667  0.541667
Si  0.166667  0.000000  0.666667
Si  0.208333  0.041667  0.708333
Si  0.166667  0.000000  0.833333
Si  0.208333  0.041667  0.875000
Si  0.166667  0.166667  0.000000
Si  0.208333  0.208333  0.041667
Si  0.166667  0.166667  0.166667
Si  0.208333  0.208333  0.208333
Si  0.166667  0.166667  0.333333
Si  0.208333  0.208333  0.375000
Si  0.166667  0.166667  0.500000
Si  0.208333  0.208333  0.541667
Si  0.166667  0.166667  0.666667
Si  0.208333  0.208333  0.708333
Si  0.166667  0.166667  0.833333
Si  0.208333  0.208333  0.875000
Si  0.166667  0.333333  0.000000
Si  0.208333  0.375000  0.041667
Si  0.166667  0.333333  0.166667
Si  0.208333  0.375000  0.208333
Si  0.166667  0.333333  0.333333
Si  0.208333  0.375000  0.375000
Si  0.166667  0.333333  0.500000
Si  0.208333  0.375000  0.541667
Si  0.166667  0.333333  0.666667
Si  0.208333  0.375000  0.708333
Si  0.166667  0.333333  0.833333
Si  0.208333  0.375000  0.875000
Si  0.166667  0.500000  0.000000
Si  0.208333  0.541667  0.041667
Si  0.166667  0.500000  0.166667
Si  0.208333  0.541667  0.208333
Si  0.166667  0.500000  0.333333
Si  0.208333  0.541667  0.375000
Si  0.166667  0.500000  0.500000
Si  0.208333  0.541667  0.541667
Si  0.166667  0.500000  0.666667
Si  0.208333  0.541667  0.708333
Si  0.166667  0.500000  0.833333
Si  0.208333  0.541667  0.875000
Si  0.166667  0.666667  0.000000
Si  0.208333  0.708333  0.041667
Si  0.166667  0.666667  0.166667
Si  0.208333  0.708333  0.208333
Si  0.166667  0.666667  0.333333
Si  0.208333  0.708333  0.375000
Si  0.166667  0.666667  0.500000
Si  0.208333  0.708333  0.541667
Si  0.166667  0.666667  0.666667
Si  0.208333  0.708333  0.708333
Si  0.166667  0.666667  0.833333
Si  0.208333  0.708333  0.875000
Si  0.166667  0.833333  0.000000
Si  0.208333  0.875000  0.041667
Si  0.166667  0.833333  0.166667
Si  0.208333  0.875000  0.208333
Si  0.166667  0.833333  0.333333
Si  0.208333  0.875000  0.375000
Si  0.166667  0.833333  0.500000
Si  0.208333  0.875000  0.541667
Si  0.166667  0.833333  0.666667
Si  0.208333  0.875000  0.708333
Si  0.166667  0.833333  0.833333
Si  0.208333  0.875000  0.875000
Si  0.333333  0.000000  0.000000
Si  0.375000  0.041667  0.041667
Si  0.333333  0.000000  0.166667
Si  0.375000  0.041667  0.208333
Si  0.333333  0.000000  0.333333
Si  0.375000  0.041667  0.375000
Si  0.333333  0.000000  0.500000
Si  0.375000  0.041667  0.541667
Si  0.333333  0.000000  0.666667
Si  0.375000  0.041667  0.708333
Si  0.333333  0.000000  0.833333
Si  0.375000  0.041667  0.875000
Si  0.333333  0.166667  0.000000
Si  0.375000  0.208333  0.041667
Si  0.333333  0.166667  0.166667
Si  0.375000  0.208333  0.208333
Si  0.333333  0.166667  0.333333
Si  0.375000  0.208333  0.375000
Si  0.333333  0.166667  0.500000
Si  0.375000  0.208333  0.541667
Si  0.333333  0.166667  0.666667
Si  0.375000  0.208333  0.708333
Si  0.333333  0.166667  0.833333
Si  0.375000  0.208333  0.875000
Si  0.333333  0.333333  0.000000
Si  0.375000  0.375000  0.041667
Si  0.333333  0.333333  0.166667
Si  0.375000  0.375000  0.208333
Si  0.333333  0.333333  0.333333
Si  0.375000  0.375000  0.375000
Si  0.333333  0.333333  0.500000
Si  0.375000  0.375000  0.541667
Si  0.333333  0.333333  0.666667
Si  0.375000  0.375000  0.708333
Si  0.333333  0.333333  0.833333
Si  0.375000  0.375000  0.875000
Si  0.333333  0.500000  0.000000
Si  0.375000  0.541667  0.041667
Si  0.333333  0.500000  0.166667
Si  0.375000  0.541667  0.208333
Si  0.333333  0.500000  0.333333
Si  0.375000  0.541667  0.375000
Si  0.333333  0.500000  0.500000
Si  0.375000  0.541667  0.541667
Si  0.333333  0.500000  0.666667
Si  0.375000  0.541667  0.708333
Si  0.333333  0.500000  0.833333
Si  0.375000  0.541667  0.875000
Si  0.333333  0.666667  0.000000
Si  0.375000  0.708333  0.041667
Si  0.333333  0.666667  0.166667
Si  0.375000  0.708333  0.208333
Si  0.333333  0.666667  0.333333
Si  0.375000  0.708333  0.375000
Si  0.333333  0.666667  0.500000
Si  0.375000  0.708333  0.541667
Si  0.333333  0.666667  0.666667
Si  0.375000  0.708333  0.708333
Si  0.333333  0.666667  0.833333
Si  0.375000  0.708333  0.875000
Si  0.333333  0.833333  0.000000
Si  0.375000  0.875000  0.041667
Si  0.333333  0.833333  0.166667
Si  0.375000  0.875000  0.208333
Si  0.333333  0.833333  0.333333
Si  0.375000  0.875000  0.375000
Si  0.333333  0.833333  0.500000
Si  0.375000  0.875000  0.541667
Si  0.333333  0.833333  0.666667
Si  0.375000  0.875000  0.708333
Si  0.333333  0.833333  0.833333
Si  0.375000  0.875000  0.875000
Si  0.500000  0.000000  0.000000
Si  0.541667  0.041667  0.041667
Si  0.500000  0.000000  0.166667
Si  0.541667  0.041667  0.208333
Si  0.500000  0.000000  0.333333
Si  0.541667  0.041667  0.375000
Si  0.500000  0.000000  0.500000
Si  0.541667  0.041667  0.541667
Si  0.500000  0.000000  0.666667
Si  0.541667  0.041667  0.708333
Si  0.500000  0.000000  0.833333
Si  0.541667  0.041667  0.875000
Si  0.500000  0.166667  0.000000
Si  0.541667  0.208333  0.041667
Si  0.500000  0.166667  0.166667
Si  0.541667  0.208333  0.208333
Si  0.500000  0.166667  0.333333
Si  0.541667  0.208333  0.375000
Si  0.500000  0.166667  0.500000
Si  0.541667  0.208333  0.541667
Si  0.500000  0.166667  0.666667
Si  0.541667  0.208333  0.708333
Si  0.500000  0.166667  0.833333
Si  0.541667  0.208333  0.875000
Si  0.500000  0.333333  0.000000
Si  0.541667  0.375000  0.041667
Si  0.500000  0.333333  0.166667
Si  0.541667  0.375000  0.208333
Si  0.500000  0.333333  0.333333
Si  0.541667  0.375000  0.375000
Si  0.500000  0.333333  0.500000
Si  0.541667  0.375000  0.541667
Si  0.500000  0.333333  0.666667
Si  0.541667  0.375000  0.708333
Si  0.500000  0.333333  0.833333
Si  0.541667  0.375000  0.875000
Si  0.500000  0.500000  0.000000
Si  0.541667  0.541667  0.041667
Si  0.500000  0.500000  0.166667
Si  0.541667  0.541667  0.208333
Si  0.500000  0.500000  0.333333
Si  0.541667  0.541667  0.375000
Si  0.500000  0.500000  0.500000
Si  0.541667  0.541667  0.541667
Si  0.500000  0.500000  0.666667
Si  0.541667  0.541667  0.708333
Si  0.500000  0.500000  0.833333
Si  0.541667  0.541667  0.875000
Si  0.500000  0.666667  0.000000
Si  0.541667  0.708333  0.041667
Si  0.500000  0.666667  0.166667
Si  0.541667  0.708333  0.208333
Si  0.500000  0.666667  0.333333
Si  0.541667  0.708333  0.375000
Si  0.500000  0.666667  0.500000
Si  0.541667  0.708333  0.541667
Si  0.500000  0.666667  0.666667
Si  0.541667  0.708333  0.708333
Si  0.500000  0.666667  0.833333
Si  0.541667  0.708333  0.875000
Si  0.500000  0.833333  0.000000
Si  0.541667  0.875000  0.041667
Si  0.500000  0.833333  0.166667
Si  0.541667  0.875000  0.208333
Si  0.500000  0.833333  0.333333
Si  0.541667  0.875000  0.375000
Si  0.500000  0.833333  0.500000
Si  0.541667  0.875000  0.541667
Si  0.500000  0.833333  0.666667
Si  0.541667  0.875000  0.708333
Si  0.500000  0.833333  0.833333
Si  0.541667  0.875000  0.875000
Si  0.666667  0.000000  0.000000
Si  0.708333  0.041667  0.041667
Si  0.666667  0.000000  0.166667
Si  0.708333  0.041667  0.208333
Si  0.666667  0.000000  0.333333
Si  0.708333  0.041667  0.375000
Si  0.666667  0.000000  0.500000
Si  0.708333  0.041667  0.541667
Si  0.666667  0.000000  0.666667
Si  0.708333  0.041667  0.708333
Si  0.666667  0.000000  0.833333
Si  0.708333  0.041667  0.875000
Si  0.666667  0.166667  0.000000
Si  0.708333  0.208333  0.041667
Si  0.666667  0.166667  0.166667
Si  0.708333  0.208333  0.208333
Si  0.666667  0.166667  0.333333
Si  0.708333  0.208333  0.375000
Si  0.666667  0.166667  0.500000
Si  0.708333  0.208333  0.541667
Si  0.666667  0.166667  0.666667
Si  0.708333  0.208333  0.708333
Si  0.666667  0.166667  0.833333
Si  0.708333  0.208333  0.875000
Si  0.666667  0.333333  0.000000
Si  0.708333  0.375000  0.041667
Si  0.666667  0.333333  0.166667
Si  0.708333  0.375000  0.208333
Si  0.666667  0.333333  0.333333
Si  0.708333  0.375000  0.375000
Si  0.666667  0.333333  0.500000
Si  0.708333  0.375000  0.541667
Si  0.666667  0.333333  0.666667
Si  0.708333  0.375000  0.708333
Si  0.666667  0.333333  0.833333
Si  0.708333  0.375000  0.875000
Si  0.666667  0.500000  0.000000
Si  0.708333  0.541667  0.041667
Si  0.666667  0.500000  0.166667
Si  0.708333  0.541667  0.208333
Si  0.666667  0.500000  0.333333
Si  0.708333  0.541667  0.375000
Si  0.666667  0.500000  0.500000
Si  0.708333  0.541667  0.541667
Si  0.666667  0.500000  0.666667
Si  0.708333  0.541667  0.708333
Si  0.666667  0.500000  0.833333
Si  0.708333  0.541667  0.875000
Si  0.666667  0.666667  0.000000
Si  0.708333  0.708333  0.041667
Si  0.666667  0.666667  0.166667
Si  0.708333  0.708333  0.208333
Si  0.666667  0.666667  0.333333
Si  0.708333  0.708333  0.375000
Si  0.666667  0.666667  0.500000
Si  0.708333  0.708333  0.541667
Si  0.666667  0.666667  0.666667
Si  0.708333  0.708333  0.708333
Si  0.666667  0.666667  0.833333
Si  0.708333  0.708333  0.875000
Si  0.666667  0.833333  0.000000
Si  0.708333  0.875000  0.041667
Si  0.666667  0.833333  0.166667
Si  0.708333  0.875000  0.208333
Si  0.666667  0.833333  0.333333
Si  0.708333  0.875000  0.375000
Si  0.666667  0.833333  0.500000
Si  0.708333  0.875000  0.541667
Si  0.666667  0.833333  0.666667
Si  0.708333  0.875000  0.708333
Si  0.666667  0.833333  0.833333
Si  0.708333  0.875000  0.875000
Si  0.833333  0.000000  0.000000
Si  0.875000  0.041667  0.041667
Si  0.833333  0.000000  0.166667
Si  0.875000  0.041667  0.208333
Si  0.833333  0.000000  0.333333
Si  0.875000  0.041667  0.375000
Si  0.833333  0.000000  0.500000
Si  0.875000  0.041667  0.541667
Si  0.833333  0.000000  0.666667
Si  0.875000  0.041667  0.708333
Si  0.833333  0.000000  0.833333
Si  0.875000  0.041667  0.875000
Si  0.833333  0.166667  0.000000
Si  0.875000  0.208333  0.041667
Si  0.833333  0.166667  0.166667
Si  0.875000  0.208333  0.208333
Si  0.833333  0.166667  0.333333
Si  0.875000  0.208333  0.375000
Si  0.833333  0.166667  0.500000
Si  0.875000  0.208333  0.541667
Si  0.833333  0.166667  0.666667
Si  0.875000  0.208333  0.708333
Si  0.833333  0.166667  0.833333
Si  0.875000  0.208333  0.875000
Si  0.833333  0.333333  0.000000
Si  0.875000  0.375000  0.041667
Si  0.833333  0.333333  0.166667
Si  0.875000  0.375000  0.208333
Si  0.833333  0.333333  0.333333
Si  0.875000  0.375000  0.375000
Si  0.833333  0.333333  0.500000
Si  0.875000  0.375000  0.541667
Si  0.833333  0.333333  0.666667
Si  0.875000  0.375000  0.708333
Si  0.833333  0.333333  0.833333
Si  0.875000  0.375000  0.875000
Si  0.833333  0.500000  0.000000
Si  0.875000  0.541667  0.041667
Si  0.833333  0.500000  0.166667
Si  0.875000  0.541667  0.208333
Si  0.833333  0.500000  0.333333
Si  0.875000  0.541667  0.375000
Si  0.833333  0.500000  0.500000
Si  0.875000  0.541667  0.541667
Si  0.833333  0.500000  0.666667
Si  0.875000  0.541667  0.708333
Si  0.833333  0.500000  0.833333
Si  0.875000  0.541667  0.875000
Si  0.833333  0.666667  0.000000
Si  0.875000  0.708333  0.041667
Si  0.833333  0.666667  0.166667
Si  0.875000  0.708333  0.208333
Si  0.833333  0.666667  0.333333
Si  0.875000  0.708333  0.375000
Si  0.833333  0.666667  0.500000
Si  0.875000  0.708333  0.541667
Si  0.833333  0.666667  0.666667
Si  0.875000  0.708333  0.708333
Si  0.833333  0.666667  0.833333
Si  0.875000  0.708333  0.875000
Si  0.833333  0.833333  0.000000
Si  0.875000  0.875000  0.041667
Si  0.833333  0.833333  0.166667
Si  0.875000  0.875000  0.208333
Si  0.833333  0.833333  0.333333
Si  0.875000  0.875000  0.375000
Si  0.833333  0.833333  0.500000
Si  0.875000  0.875000  0.541667
Si  0.833333  0.833333  0.666667
Si  0.875000  0.875000  0.708333
Si  0.833333  0.833333  0.833333
Si  0.875000  0.875000  0.875000

K_POINTS automatic
  2 2 2 0 0 0
