0.000000000000000000e+00 0.000000000000000000e+00 0.000000000000000000e+00 0.000000000000000000e+00 1.533181144546375130e+01 1.533202121485770775e+01 1.533203398273262330e+01
1.178511661952620117e-02 9.866413584390114344e-02 9.972973576956868647e-02 2.432765180079047296e-01 1.533118277607730207e+01 1.533119696165666745e+01 1.533140271636016294e+01
2.357023338047380123e-02 1.978273655809978104e-01 1.988922374410295180e-01 4.864756445016374387e-01 1.532866848852852293e+01 1.532868630994283521e+01 1.533017380219976111e+01
3.535535000000000067e-02 2.969173622432343951e-01 2.979810405488843572e-01 7.295201031536406866e-01 1.532448096226577761e+01 1.532450364233899087e+01 1.532811665244693522e+01
4.714046661952620010e-02 3.958980967714409438e-01 3.969601090854514291e-01 9.723327959983286695e-01 1.531862403780742277e+01 1.531865225213307369e+01 1.532521786799796182e+01
5.892558338047380190e-02 4.947332490393873683e-01 4.957931243219351192e-01 1.214836907546295253e+00 1.531110288984687884e+01 1.531113707302309024e+01 1.532145880152548223e+01
7.071070000000000133e-02 5.933864778364079662e-01 5.944437478879383008e-01 1.456955985469437609e+00 1.530192417596144594e+01 1.530196465918912097e+01 1.531681566008274764e+01
8.249581661952620770e-02 6.918214631407684223e-01 6.928756633641253160e-01 1.698614046462186833e+00 1.529109615580100723e+01 1.529114322422780603e+01 1.531125963887351737e+01
9.428093338047380256e-02 7.900019007584128117e-01 7.910525707602860113e-01 1.939735653239179403e+00 1.527862880421400860e+01 1.527868272055534149e+01 1.530475708290459025e+01
1.060660500000000089e-01 8.878914810598196317e-01 8.889381651933524475e-01 2.180245988356438236e+00 1.526453393111284562e+01 1.526459494448373810e+01 1.529726967488123179e+01
1.178511666195262153e-01 9.854538654958239219e-01 9.864961133875130850e-01 2.420070950271612009e+00 1.524882531102755401e+01 1.524889365886519776e+01 1.528875464679001794e+01
1.296362833804738102e-01 1.082652639670146355e+00 1.083690006770404501e+00 2.659137219092805982e+00 1.523151882631119669e+01 1.523159473292007959e+01 1.527916501478252265e+01
1.414214000000000027e-01 1.179451252975080022e+00 1.180483301175209165e+00 2.897372317834427946e+00 1.521263262297657448e+01 1.521271629641357670e+01 1.526844983499068142e+01
1.532065166195262229e-01 1.275812954416800205e+00 1.276839252784174983e+00 3.134704694446630580e+00 1.519218727614259556e+01 1.519227890434207140e+01 1.525655447687723765e+01
1.649916333804738178e-01 1.371700702926386350e+00 1.372720828618122280e+00 3.371063772642787892e+00 1.517020596779880748e+01 1.517030571443777909e+01 1.524342091398542287e+01
1.767767500000000103e-01 1.467077062226492368e+00 1.468090601649482796e+00 3.606379997312828323e+00 1.514671467420527229e+01 1.514682267460200293e+01 1.522898802908686378e+01
1.885618666195262028e-01 1.561904090140312729e+00 1.562910640430188014e+00 3.840584899582025091e+00 1.512174235874689643e+01 1.512185871597214515e+01 1.521319192964549671e+01
2.003469833804737976e-01 1.656143201492144001e+00 1.657142372390019824e+00 4.073611130274638725e+00 1.509532117347951541e+01 1.509544595479157358e+01 1.519596627404075484e+01
2.121321000000000179e-01 1.749755015219950360e+00 1.750746431425579175e+00 4.305392487492460063e+00 1.506748666575528972e+01 1.506761989943127489e+01 1.517724260510952838e+01
2.239172166195262104e-01 1.842699196109566007e+00 1.843682500187602713e+00 4.535863963114341146e+00 1.503827798491615653e+01 1.503841965752919307e+01 1.515695068640230936e+01
2.357023333804738052e-01 1.934934271456699939e+00 1.935909127367668514e+00 4.764961757864841552e+00 1.500773809288983784e+01 1.500788814706535845e+01 1.513501884252090157e+01
2.474874499999999977e-01 2.026417433990443939e+00 2.027383531307585862e+00 4.992623290526823965e+00 1.497591397419667381e+01 1.497607230687386526e+01 1.511137429982057157e+01
2.592725666195262457e-01 2.117104342143597329e+00 2.118061401000272959e+00 5.218787225798868334e+00 1.494285683955336097e+01 1.494302330077341523e+01 1.508594352248266901e+01
2.710576833804738128e-01 2.206948899389568286e+00 2.207896676181179796e+00 5.443393471468458422e+00 1.490862232738729709e+01 1.490879671962584219e+01 1.505865254657277319e+01
2.828428000000000053e-01 2.295903024838943818e+00 2.296841318675732602e+00 5.666383170273975978e+00 1.487327069784252664e+01 1.487345277590280190e+01 1.502942730820286599e+01
2.946279166195262533e-01 2.383916426986091519e+00 2.384845086855626572e+00 5.887698710590149709e+00 1.483686701261798646e+01 1.483705648410101929e+01 1.499819396049687725e+01
3.064130333804738204e-01 2.470936363990893891e+00 2.471855296548409520e+00 6.107283707743873968e+00 1.479948130522380900e+01 1.479967783158899231e+01 1.496487918350291402e+01
3.181981500000000129e-01 2.556907403672115997e+00 2.557816581523402633e+00 6.325082981055524023e+00 1.476118873520987229e+01 1.476139193343874290e+01 1.492941048305623930e+01
3.299832666195262054e-01 2.641771196000770150e+00 2.642670666283664982e+00 6.541042550302587522e+00 1.472206971878506998e+01 1.472227916365920031e+01 1.489171647301311374e+01
3.417683833804738280e-01 2.725466243368593666e+00 2.726356136372179773e+00 6.755109604641189591e+00 1.468221004041299871e+01 1.468242526741228637e+01 1.485172714675314687e+01
3.535535000000000205e-01 2.807927682847856321e+00 2.808808220337573491e+00 6.967232468716510141e+00 1.464170093780374060e+01 1.464192144662720452e+01 1.480937413382932988e+01
3.653386166195262685e-01 2.889087094137785083e+00 2.889958596978858818e+00 7.177360589139583524e+00 1.460063915173755333e+01 1.460086441044266969e+01 1.476459093588455929e+01
3.771237333804738356e-01 2.968872320480949067e+00 2.969735215084945423e+00 7.385444495668026299e+00 1.455912694503769877e+01 1.455935639478372856e+01 1.471731314965785664e+01
3.889088500000000281e-01 3.047207317711870811e+00 3.048062140770449346e+00 7.591435761361879919e+00 1.451727208195264396e+01 1.451750514232100109e+01 1.466747867278072803e+01
4.006939666195262206e-01 3.124012045831211726e+00 3.124859446761461879e+00 7.795286984284100384e+00 1.447518775847468042e+01 1.447542383331908766e+01 1.461502788613089621e+01
4.124790833804738432e-01 3.199202392282805008e+00 3.200043132802977919e+00 7.996951746439594721e+00 1.443299248751469044e+01 1.443323097125678522e+01 1.455990382265052752e+01
4.242642000000000357e-01 3.272690142614067099e+00 3.273525092902574318e+00 8.196384573663580753e+00 1.439080992924942848e+01 1.439105021345656965e+01 1.450205231816735463e+01
4.360493166195262282e-01 3.344383012998815463e+00 3.345213143977777026e+00 8.393540918325252065e+00 1.434876865658898559e+01 1.434901013644559242e+01 1.444142213793329432e+01
4.478344333804737953e-01 3.414184735130816772e+00 3.415011106564269205e+00 8.588377121938254533e+00 1.430700185913664235e+01 1.430724393853958176e+01 1.437796509262128630e+01
4.596195500000000433e-01 3.481995208703473121e+00 3.482818953005336837e+00 8.780850380724581683e+00 1.426564697309606622e+01 1.426588906178791838e+01 1.431163614963062258e+01
4.714046666195261803e-01 3.547710734798431798e+00 3.548533036699216048e+00 8.970918735196296012e+00 1.422484518536952613e+01 1.422508659931373032e+01 1.424239369945461142e+01
4.831897833804738585e-01 3.611224320796166509e+00 3.612046393301136415e+00 9.158541042276551636e+00 1.417019715109886135e+01 1.418474154579468305e+01 1.418498260364201080e+01
4.949748999999999954e-01 3.672426069821704608e+00 3.673249127175538309e+00 9.343676952238954669e+00 1.409501474182670755e+01 1.414548235670553566e+01 1.414572171952776714e+01
5.067600166195261879e-01 3.731203664845583301e+00 3.732028893469299113e+00 9.526286910632860483e+00 1.401681225451055823e+01 1.410721740501537802e+01 1.410745486140825200e+01
5.185451333804738105e-01 3.787442936134143512e+00 3.788271464687704704e+00 9.706332145173433901e+00 1.393556141056804698e+01 1.407009700626177917e+01 1.407033222938308015e+01
5.303302500000000030e-01 3.841028520279915703e+00 3.841861390103884943e+00 9.883774659010549968e+00 1.385123692959713892e+01 1.403427190578114292e+01 1.403450461306277930e+01
5.421153666195263066e-01 3.891844614886345699e+00 3.892682752079300812e+00 1.005857724955752452e+01 1.376381679998612917e+01 1.399989224754424733e+01 1.400012221733602580e+01
5.539004833804738182e-01 3.939775812993117743e+00 3.940620003289614370e+00 1.023070351434450842e+01 1.367328226592228901e+01 1.396710654136196084e+01 1.396733361826999875e+01
5.656856000000000106e-01 3.984708017620889109e+00 3.985558885066769808e+00 1.040011786435650620e+01 1.357961778603939429e+01 1.393606056247895708e+01 1.393628465919794657e+01
5.774707166195262031e-01 4.026529431476485676e+00 4.027387421679059720e+00 1.056678556297055316e+01 1.348281096790048927e+01 1.390689618719080833e+01 1.390711728409871029e+01
5.892558333804738258e-01 4.065131598955514569e+00 4.065996967441256160e+00 1.073067275347333904e+01 1.338285250102569002e+01 1.387975018444124764e+01 1.387996832730110519e+01
6.010409500000000182e-01 4.100410490850142864e+00 4.101283296821038427e+00 1.089174649458417932e+01 1.327973608110727177e+01 1.385475297563935015e+01 1.385496827162004507e+01
6.128260666195262107e-01 4.132267616487663275e+00 4.133147722046504491e+00 1.104997482095300576e+01 1.317345831502227327e+01 1.383202737954368722e+01 1.383223999181183395e+01
6.246111833804738334e-01 4.160611133646995974e+00 4.161498208370987939e+00 1.120532679314176505e+01 1.306401862942238168e+01 1.381168736999362601e+01 1.381189751121020848e+01
6.363963000000000259e-01 4.185356937859292970e+00 4.186250468447599182e+00 1.135777255534173236e+01 1.295141917417547717e+01 1.379383686694950484e+01 1.379404479207703993e+01
6.481814166195262183e-01 4.206429708231898879e+00 4.207329012833416648e+00 1.150728341639009322e+01 1.283566470933941872e+01 1.377856858470947721e+01 1.377877458357288987e+01
6.599665333804738410e-01 4.223763877996625560e+00 4.224668124731753238e+00 1.165383191949978681e+01 1.271676250114517259e+01 1.376596296777732142e+01 1.376616735780905998e+01
6.717516500000000335e-01 4.237304508500126410e+00 4.238212737623581639e+00 1.179739191516935826e+01 1.259472221984213647e+01 1.375608723717967763e+01 1.375629035670799460e+01
6.835367666195262260e-01 4.247008043576252945e+00 4.247919192677934497e+00 1.193793863810759959e+01 1.246955584052719423e+01 1.374899457082795173e+01 1.374919677314424327e+01
6.953218833804738486e-01 4.252842919083158257e+00 4.253755850686585127e+00 1.207544863203149532e+01 1.234127769763420446e+01 1.374472344240391131e+01 1.374492509068686630e+01
7.071070000000000411e-01 4.254790012562942536e+00 4.255703543454385951e+00 1.220938861353366711e+01 1.221041560693018546e+01 1.374329713484089233e+01 1.374349859784718930e+01
7.154403359787412375e-01 4.254909234466548007e+00 4.259679199755893819e+00 1.220825382839943529e+01 1.220881925950962454e+01 1.374369013808958151e+01 1.374444908063855131e+01
7.237736717574824175e-01 4.254061751114297962e+00 4.272768185443938549e+00 1.220282626194232023e+01 1.220607613722805951e+01 1.374461747915198906e+01 1.374753403799954654e+01
7.321070077362237249e-01 4.252600255951248798e+00 4.294489676932728983e+00 1.219354778331118183e+01 1.220181149964848544e+01 1.374614712428162733e+01 1.375263204902914715e+01
7.404403437149650324e-01 4.250547213004223224e+00 4.324611774468298364e+00 1.218066513497290160e+01 1.219588729577155028e+01 1.374828460635669636e+01 1.375965176990170669e+01
7.487736794937062124e-01 4.247905012455897023e+00 4.362847181457914836e+00 1.216430075206276129e+01 1.218832699239836259e+01 1.375102880585134457e+01 1.376848064050296827e+01
7.571070154724475199e-01 4.244673767562651356e+00 4.408842949827166180e+00 1.214459366255986161e+01 1.217916934749086799e+01 1.375437737047520770e+01 1.377898498007096961e+01
7.654403514511887163e-01 4.240853001305327830e+00 4.462187501698329228e+00 1.212169857862457079e+01 1.216846359967333768e+01 1.375832724090299131e+01 1.379101542747593889e+01
7.737736872299298962e-01 4.236441971247652205e+00 4.522419634471710026e+00 1.209578072992870368e+01 1.215626904038895262e+01 1.376287475605196065e+01 1.380441273025452809e+01
7.821070232086710927e-01 4.231439759971062919e+00 4.589037844914645170e+00 1.206701062005488012e+01 1.214265520413414201e+01 1.376801568665812248e+01 1.381901311836286261e+01
7.904403591874124002e-01 4.225845308895210373e+00 4.661509317730666346e+00 1.203555942205224305e+01 1.212770224083040560e+01 1.377374525062485766e+01 1.383465293415898500e+01
7.987736949661535801e-01 4.219657433576877281e+00 4.739278204053699817e+00 1.200159521792082096e+01 1.211150137655524794e+01 1.378005812451506706e+01 1.385117238293435271e+01
8.071070309448948876e-01 4.212874832576130935e+00 4.821772919291571036e+00 1.196528012272701424e+01 1.209415543848290930e+01 1.378694845406086777e+01 1.386841838466235011e+01
8.154403669236360841e-01 4.205496095414257951e+00 4.908412295799602809e+00 1.192676824203247854e+01 1.207577943584384172e+01 1.379440986318862628e+01 1.388624658921291832e+01
8.237737027023773750e-01 4.197519708425636153e+00 4.998610577730973503e+00 1.188620433629645134e+01 1.205650117939945432e+01 1.380243546472291705e+01 1.390452267618058890e+01
8.321070386811185715e-01 4.188944060133757752e+00 5.091781275300619747e+00 1.184372306635402516e+01 1.203646192989608998e+01 1.381101787187903973e+01 1.392312306912243258e+01
8.404403746598598790e-01 4.179767448470411040e+00 5.187339946697937521e+00 1.179944869814921127e+01 1.201581706361911372e+01 1.382014920855979234e+01 1.394193519220509714e+01
8.487737104386011699e-01 4.169988086519527570e+00 5.284706076665014685e+00 1.175349512991300216e+01 1.199473672428226045e+01 1.382982112193651325e+01 1.396085739672085602e+01
8.571070464173423664e-01 4.159604108241796716e+00 5.383304188167988613e+00 1.170596614874578911e+01 1.197340643531124726e+01 1.384002479586472667e+01 1.397979865466943572e+01
8.654403823960836739e-01 4.148613576641233536e+00 5.482564333143657542e+00 1.165695584655614780e+01 1.195202763854095096e+01 1.385075096272438344e+01 1.399867809630668702e+01
8.737737181748248538e-01 4.137014490156151858e+00 5.581922179221364466e+00 1.160654911328117755e+01 1.193081810052827407e+01 1.386198991783606793e+01 1.401742446220171345e+01
8.821070541535661613e-01 4.124804789056056187e+00 5.680818848342660488e+00 1.155482217065976158e+01 1.191001212914146734e+01 1.387373153461125774e+01 1.403597551168782154e+01
8.904403901323074688e-01 4.111982364668599566e+00 5.778700661974666808e+00 1.150184312582055135e+01 1.188986052983395147e+01 1.388596527768982725e+01 1.405427741627688221e+01
8.987737259110486487e-01 4.098545066414251536e+00 5.875019011548932468e+00 1.144767250103259570e+01 1.187063020358082888e+01 1.389868021888554139e+01 1.407228416817684824e+01
9.071070618897899562e-01 4.084490708808752757e+00 5.969230505535251474e+00 1.139236373604485131e+01 1.185260329024132631e+01 1.391186505373792492e+01 1.408995701369958020e+01
9.154403978685312637e-01 4.069817081650763058e+00 6.060797542060691434e+00 1.133596366755763896e+01 1.183607575074584339e+01 1.392550811561770630e+01 1.410726391583815875e+01
9.237737336472724436e-01 4.054521957573800073e+00 6.149189509317266378e+00 1.127851295883187177e+01 1.182135526602105813e+01 1.393959739284282584e+01 1.412417905759571646e+01
9.321070696260138622e-01 4.038603099512834582e+00 6.233884735375148978e+00 1.122004648994053078e+01 1.180875835012265007e+01 1.395412054626497955e+01 1.414068238281888945e+01
9.404404056047550586e-01 4.022058271705638788e+00 6.314373285399103253e+00 1.116059372303922537e+01 1.179860659189644778e+01 1.396906492399498489e+01 1.415675916995142813e+01
9.487737413834963496e-01 4.004885247603861664e+00 6.390160716715971745e+00 1.110017902046282146e+01 1.179122196705773540e+01 1.398441757931830054e+01 1.417239964364963889e+01
9.571070773622376571e-01 3.987081817640806936e+00 6.460772780559767448e+00 1.103882193090973018e+01 1.178692122961695610e+01 1.400016528894445855e+01 1.418759861727279947e+01
9.654404133409788535e-01 3.968645800884407659e+00 6.525760986007179021e+00 1.097653746106115413e+01 1.178600946332490018e+01 1.401629456800725926e+01 1.420235515963281081e+01
9.737737491197201445e-01 3.949575053138645764e+00 6.584708892498574606e+00 1.091333631041793950e+01 1.178877296278142062e+01 1.403279168841469371e+01 1.421667228918324177e+01
9.821070850984613410e-01 3.929867474842378527e+00 6.637238841099324382e+00 1.084922508574873490e+01 1.179547172174042302e+01 1.404964269740030858e+01 1.423055668850965638e+01
9.904404210772027595e-01 3.909521023207179535e+00 6.683018745531693838e+00 1.078420651299021671e+01 1.180633189705337394e+01 1.406683343246947260e+01 1.424401843291485292e+01
9.987737568559438284e-01 3.888533720338142263e+00 6.721768522152680170e+00 1.071827962275271950e+01 1.182153869585656025e+01 1.408434953983709548e+01 1.425707073616699461e+01
1.007107092834685247e+00 3.866903661092782052e+00 6.753265658060352727e+00 1.065143992577885079e+01 1.184123017106798770e+01 1.410217649294193620e+01 1.426972970725618062e+01
1.015440428813426443e+00 3.844629025538277123e+00 6.777349443643414517e+00 1.058367959597508090e+01 1.186549238683489804e+01 1.412029960703671350e+01 1.428201411303627211e+01
1.023773764592167623e+00 3.821708086922660730e+00 6.793923492954464294e+00 1.051498763511769319e+01 1.189435635160757521e+01 1.413870405739485392e+01 1.429394515016428535e+01
1.032107100570908820e+00 3.798139219327562710e+00 6.802956276998909146e+00 1.044535003524139327e+01 1.192779697796187577e+01 1.415737489747902877e+01 1.430554622141059795e+01
1.040440436549650016e+00 3.773920910283511176e+00 6.804479577802441170e+00 1.037474995599799321e+01 1.196573415026690057e+01 1.417629707290650920e+01 1.431684271237046424e+01
1.048773772328391196e+00 3.749051768429624065e+00 6.798584961712007768e+00 1.030316788895870950e+01 1.200803581858228419e+01 1.419545543913990393e+01 1.432786177243036896e+01
1.057107108307132615e+00 3.723530530800680527e+00 6.785418524793522366e+00 1.023058182451586262e+01 1.205452285168778737e+01 1.421483477903641912e+01 1.433863209625319968e+01
1.065440444285873811e+00 3.697356075447772561e+00 6.765174305796565868e+00 1.015696743840769400e+01 1.210497524481926312e+01 1.423441981595543737e+01 1.434918370285675948e+01
1.073773780064614991e+00 3.670527428633463707e+00 6.738086828509696424e+00 1.008229826770587145e+01 1.215913923342216485e+01 1.425419523068170236e+01 1.435954771659817730e+01
1.082107116043356188e+00 3.643043771604587810e+00 6.704423250235175935e+00 1.000654589164760466e+01 1.221673482417596546e+01 1.427414567811069368e+01 1.436975614739274931e+01
1.090440452022097384e+00 3.614904453075739710e+00 6.664475567648492138e+00 9.929680134205929321e+00 1.227746328552724719e+01 1.429425579928468082e+01 1.437984166812292131e+01
1.098773787800838564e+00 3.586108995818733991e+00 6.618553234138134123e+00 9.851669256109840234e+00 1.234101425316097789e+01 1.431451023729145433e+01 1.438983739401604467e+01
1.107107123779579760e+00 3.556657102785205637e+00 6.566976460851276620e+00 9.772480151561035555e+00 1.240707216860821127e+01 1.433489365277985250e+01 1.439977666223689567e+01
1.115440459758321179e+00 3.526548669322619567e+00 6.510070384405831412e+00 9.692078566599048983e+00 1.247532186404318288e+01 1.435539073450273229e+01 1.440969281041187777e+01
1.123773795537062359e+00 3.495783789030965760e+00 6.448160159543461667e+00 9.610429304729624533e+00 1.254545324086975633e+01 1.437598621329747495e+01 1.441961895958659134e+01
1.132107131515803555e+00 3.464362759113313484e+00 6.381566987132718083e+00 9.527496435136272979e+00 1.261716502458063438e+01 1.439666487398590000e+01 1.442958780164609323e+01
1.140440467494544752e+00 3.432286092207884387e+00 6.310605041958256223e+00 9.443243520739143193e+00 1.269016762988912284e+01 1.441741155493175874e+01 1.443963139593267009e+01
1.148773803273285932e+00 3.399554521399938523e+00 6.235579185739061892e+00 9.357633829691867078e+00 1.276418525286625894e+01 1.443821109654664170e+01 1.444978102815376886e+01
1.157107139252027128e+00 3.366169004693900124e+00 6.156783369563632036e+00 9.270630545991073390e+00 1.283895728119586899e+01 1.445904428477988546e+01 1.446007108029571775e+01
1.165440475230768325e+00 3.332130736359866230e+00 6.074499631392775711e+00 9.182196997086927936e+00 1.291423911761058463e+01 1.447051584870214924e+01 1.447991084696986341e+01
1.173773811009509505e+00 3.297441151004256721e+00 5.988997546352034185e+00 9.092296860173499695e+00 1.298980255725757438e+01 1.448115886997655721e+01 1.450077995506100237e+01
1.182107146988250923e+00 3.262101927073710161e+00 5.900534043451249211e+00 9.000894363517199182e+00 1.306543580296627205e+01 1.449201991395636746e+01 1.452164307162767187e+01
1.190440482966992120e+00 3.226114997629010883e+00 5.809353520618294020e+00 8.907954501674174352e+00 1.314094318935507566e+01 1.450312321577107788e+01 1.454248556100060874e+01
1.198773818745733299e+00 3.189482553394962228e+00 5.715688145907431128e+00 8.813443224484144523e+00 1.321614472273614638e+01 1.451449097078155148e+01 1.456329305644073635e+01
1.207107154724474496e+00 3.152207045222276793e+00 5.619758299971649329e+00 8.717327617212376367e+00 1.329087548152908305e+01 1.452614330426525413e+01 1.458405136583565032e+01
1.215440490703215692e+00 3.114291194217307712e+00 5.521773131754967423e+00 8.619576091964567865e+00 1.336498490998759081e+01 1.453809816202171312e+01 1.460474646357501705e+01
1.223773826481956872e+00 3.075737993707655882e+00 5.421931147826049902e+00 8.520158548556516109e+00 1.343833607609798086e+01 1.455037120826158770e+01 1.462536449689385698e+01
1.232107162460698069e+00 3.036550710604991821e+00 5.320420824585220920e+00 8.419046523499090995e+00 1.351080490627900055e+01 1.456297573726770977e+01 1.464589179397120233e+01
1.240440498439439487e+00 2.996732894833636696e+00 5.217421243694804645e+00 8.316213348729242227e+00 1.358227940305140180e+01 1.457592259801265477e+01 1.466631486779551707e+01
1.248773834218180667e+00 2.956288380164631135e+00 5.113102691309939551e+00 8.211634276576983638e+00 1.365265889300825819e+01 1.458922013769905490e+01 1.468662042429593484e+01
1.257107170196921864e+00 2.915221284438276772e+00 5.007627230509386962e+00 8.105286591095904214e+00 1.372185329947279975e+01 1.460287416197000177e+01 1.470679537009809046e+01
1.265440506175663060e+00 2.873536018249110757e+00 4.901149262673548002e+00 7.997149729014688013e+00 1.378978243219475175e+01 1.461688790868937815e+01 1.472682681552915263e+01
1.273773841954404240e+00 2.831237284616395122e+00 4.793816027961244508e+00 7.887205365034118287e+00 1.385637532868684119e+01 1.463126204079498649e+01 1.474670208163517238e+01
1.282107177933145437e+00 2.788330078041152849e+00 4.685768064317102244e+00 7.775437483131955929e+00 1.392156963333827235e+01 1.464599465513970422e+01 1.476640870674490635e+01
1.290440513911886633e+00 2.744819692417771240e+00 4.577139647756933272e+00 7.661832458766501652e+00 1.398531100106027125e+01 1.466108130346698779e+01 1.478593444836830351e+01
1.298773849690627813e+00 2.700711719524776733e+00 4.468059167651069252e+00 7.546379104791869352e+00 1.404755255360206156e+01 1.467651503104581323e+01 1.480526728902778189e+01
1.307107185669369231e+00 2.656012046904746793e+00 4.358649460805088083e+00 7.429068704255357147e+00 1.410825437194597853e+01 1.469228642925229344e+01 1.482439544163988998e+01
1.315440521648110428e+00 2.610726864986417706e+00 4.249028129660056941e+00 7.309895056517837553e+00 1.416738301019518964e+01 1.470838369768069320e+01 1.484330735037873694e+01
1.323773857426851608e+00 2.564862664392693503e+00 4.139307799201079163e+00 7.188854487417644989e+00 1.422491105563004510e+01 1.472479272148530072e+01 1.486199169538828357e+01
1.332107193405592804e+00 2.518426232646179486e+00 4.029596337961038444e+00 7.065945848068182933e+00 1.428081671825267662e+01 1.474149715976845876e+01 1.488043739706178492e+01
1.340440529384334001e+00 2.471424660497147485e+00 3.919997068943946505e+00 6.941170530147873663e+00 1.433508343580425937e+01 1.475847854022761219e+01 1.489863361598072444e+01
1.348773865163075181e+00 2.423865338058784236e+00 3.810608925031515160e+00 6.814532446136115418e+00 1.438769951670221658e+01 1.477571636606763228e+01 1.491656975660134066e+01
1.357107201141816377e+00 2.375755950354157431e+00 3.701526574592748364e+00 6.686038000395249981e+00 1.443865780524909681e+01 1.479318823068722821e+01 1.493423547053041034e+01
1.365440537120557796e+00 2.327104482855421264e+00 3.592840542746470689e+00 6.555696080230679179e+00 1.448795535640519816e+01 1.481086993517902251e+01 1.495162065566304044e+01
1.373773872899298976e+00 2.277919216469128649e+00 3.484637282769609268e+00 6.423518012984399839e+00 1.453559314076348130e+01 1.482873561503231485e+01 1.496871545894798849e+01
1.382107208878040172e+00 2.228208721951629112e+00 3.376999223183995369e+00 6.289517516269716779e+00 1.458157576551505485e+01 1.484675787139406822e+01 1.498551027876750474e+01
1.390440544856781369e+00 2.177981864675052837e+00 3.270004815278003019e+00 6.153710671622209638e+00 1.462591120021106406e+01 1.486490790192331524e+01 1.500199576340365759e+01
1.398773880635522548e+00 2.127247798495998321e+00 3.163728535796556773e+00 6.016115865156719700e+00 1.466861052624838635e+01 1.488315563802591335e+01 1.501816281299308464e+01
1.407107216614263745e+00 2.076015959077616824e+00 3.058240869961573516e+00 5.876753723465347967e+00 1.470968769739824999e+01 1.490146988379281190e+01 1.503400258112383092e+01
1.415440552593004941e+00 2.024296067906172336e+00 2.953608298820912914e+00 5.735647076070480743e+00 1.474915930168455525e+01 1.491981845180506205e+01 1.504950647276219655e+01
1.423773888371746121e+00 1.972098125087123677e+00 2.849893246341031805e+00 5.592820885557400423e+00 1.478704434183084793e+01 1.493816830293904552e+01 1.506466614551070471e+01
1.432107224350487540e+00 1.919432401620818629e+00 2.747154011005643159e+00 5.448302174693010258e+00 1.482336402309548262e+01 1.495648568555106372e+01 1.507947351053673479e+01
1.440440560329228736e+00 1.866309442702093424e+00 2.645444705219362813e+00 5.302119982804060605e+00 1.485814154021249500e+01 1.497473626942695191e+01 1.509392073009171931e+01
1.448773896107969916e+00 1.812740059495823175e+00 2.544815159080302980e+00 5.154305290136002249e+00 1.489140187894669332e+01 1.499288528187124214e+01 1.510800021818623584e+01
1.457107232086711113e+00 1.758735320423037152e+00 2.445310812935000744e+00 5.004890940532894739e+00 1.492317162250978058e+01 1.501089764143228678e+01 1.512170464096485212e+01
1.465440568065452531e+00 1.704306553781662847e+00 2.346972621436727469e+00 4.853911595607176110e+00 1.495347875585335373e+01 1.502873808493705710e+01 1.513502691394666577e+01
1.473773903844193711e+00 1.649465338562502437e+00 2.249836927267075293e+00 4.701403656829705291e+00 1.498235248166203704e+01 1.504637129530745554e+01 1.514796020222950368e+01
1.482107239822934908e+00 1.594223494809352770e+00 2.153935328670762761e+00 4.547405186882722106e+00 1.500982303963280451e+01 1.506376202581745538e+01 1.516049792042264954e+01
1.490440575801676326e+00 1.538593085605627131e+00 2.059294563095455555e+00 4.391955864284711630e+00 1.503592152324056208e+01 1.508087521680050891e+01 1.517263372973288149e+01
1.498773911580417506e+00 1.482586406997957962e+00 1.965936367075081348e+00 4.235096905574103232e+00 1.506067970617910845e+01 1.509767611221610117e+01 1.518436153780575104e+01
1.507107247559158703e+00 1.426215977501100962e+00 1.873877336322265164e+00 4.076870987365309951e+00 1.508412987130215299e+01 1.511413037194323472e+01 1.519567549832323117e+01
1.515440583537900121e+00 1.369494539499115149e+00 1.783128808020998157e+00 3.917322203067747921e+00 1.510630463732100814e+01 1.513020417620209379e+01 1.520657000805271508e+01
1.523773919316641301e+00 1.312435048350152123e+00 1.693696727693922321e+00 3.756495986585640434e+00 1.512723679384192010e+01 1.514586432932727789e+01 1.521703970642765213e+01
1.532107255295382719e+00 1.255050661111740684e+00 1.605581524435294671e+00 3.594439036241945828e+00 1.514695913858676235e+01 1.516107835912916180e+01 1.522707947491068126e+01
1.540440591274123916e+00 1.197354737408192538e+00 1.518778016234026973e+00 3.431199274434052704e+00 1.516550431264657384e+01 1.517581460902707491e+01 1.523668443411499851e+01
1.548773927052865096e+00 1.139360827793650222e+00 1.433275310043558237e+00 3.266825773561003565e+00 1.518290464163027664e+01 1.519004233102671897e+01 1.524584994321906350e+01
1.557107263031606514e+00 1.081082661775209619e+00 1.349056720062465908e+00 3.101368682342801719e+00 1.519919197243907583e+01 1.520373178121681157e+01 1.525457159918832062e+01
1.565440599010347933e+00 1.022534148198018578e+00 1.266099725531730336e+00 2.934879188681985163e+00 1.521439747156316713e+01 1.521685434622186861e+01 1.526284523406840243e+01
1.573773934789089113e+00 9.637293629411278761e-01 1.184375934716551004e+00 2.767409448031803887e+00 1.522855097355846787e+01 1.522938312594753896e+01 1.527066691432029444e+01
1.582107270767830531e+00 9.046825363095583050e-01 1.103851077805921621e+00 2.599012512203273229e+00 1.524128503429989578e+01 1.524168881068504255e+01 1.527803293998456269e+01
1.590440606746571728e+00 8.454080529746252903e-01 1.024485049194133079e+00 2.429742295318901402e+00 1.525254806623187598e+01 1.525382647090949462e+01 1.528493984223539215e+01
1.598773942525312908e+00 7.859204390535183826e-01 9.462319671667501764e-01 2.259653504513268185e+00 1.526313940942242553e+01 1.526500041795689455e+01 1.529138438271306732e+01
1.607107278504054104e+00 7.262343488991966911e-01 8.690402723037046195e-01 2.088801571046058125e+00 1.527303844598577420e+01 1.527523502185963800e+01 1.529736355270510018e+01
1.615440614482795523e+00 6.663645645579376886e-01 7.928528835322071755e-01 1.917242618998745485e+00 1.528222442593553332e+01 1.528455481497580060e+01 1.530287457103953663e+01
1.623773950261536703e+00 6.063259821472114508e-01 7.176073802224397502e-01 1.745033398007830749e+00 1.529067798896073249e+01 1.529298290684483241e+01 1.530791488348304163e+01
1.632107286240278121e+00 5.461335978219207243e-01 6.432362293760871541e-01 1.572231216345847615e+00 1.529838129343509756e+01 1.530054079390592392e+01 1.531248216200716250e+01
1.640440622219019318e+00 4.858025062198180200e-01 5.696670745941636582e-01 1.398893911879990126e+00 1.530531807097719010e+01 1.530724824351294977e+01 1.531657430309636325e+01
1.648773957997760498e+00 4.253478850494114005e-01 4.968230547023846921e-01 1.225079786438749485e+00 1.531147366772764329e+01 1.531312319887226714e+01 1.532018942729119004e+01
1.657107293976501694e+00 3.647849777892332446e-01 4.246231686390359861e-01 1.050847540443622385e+00 1.531683507853284887e+01 1.531818169465812396e+01 1.532332587865112394e+01
1.665440629955242891e+00 3.041290852070604456e-01 3.529827021483131211e-01 8.762562455865656741e-01 1.532139097511192638e+01 1.532243778089015329e+01 1.532598222369137630e+01
1.673773965733984070e+00 2.433955322857033199e-01 2.818136881241669611e-01 7.013652803884972142e-01 1.532513173154194241e+01 1.532590345709884438e+01 1.532815725161981923e+01
1.682107301712725489e+00 1.825995968168053207e-01 2.110254349738798774e-01 5.262342659409278145e-01 1.532804944555491211e+01 1.532858861405134476e+01 1.532984997598745558e+01
1.690440637691466685e+00 1.217562791369295877e-01 1.405252432337340540e-01 3.509230397685876301e-01 1.533013795474684571e+01 1.533050097620018981e+01 1.533105964492818174e+01
1.698773973470207865e+00 6.087868597349569560e-02 7.022025899786556169e-02 1.754915923847577830e-01 1.533139284528771284e+01 1.533164595191341029e+01 1.533178585967641716e+01
1.707107309448949062e+00 0.000000000000000000e+00 0.000000000000000000e+00 0.000000000000000000e+00 1.533181144546374419e+01 1.533202121485770419e+01 1.533203398273262330e+01
1.714858861637136078e+00 5.965243864198482154e-02 5.966791060552049247e-02 1.643296311847068647e-01 1.533149426074398036e+01 1.533170301028333071e+01 1.533176782267798011e+01
1.722610413825323539e+00 1.192929765637610467e-01 1.193234394603557569e-01 3.286496173005726829e-01 1.533040767292878037e+01 1.533086610940697092e+01 1.533098662129491707e+01
1.730361966135985030e+00 1.789079594651631078e-01 1.789535037216596902e-01 4.929505093373114377e-01 1.532851389582159207e+01 1.532955237764399037e+01 1.532968617538634248e+01
1.738113518324172491e+00 2.384847576990432316e-01 2.385453871167060036e-01 6.572226191327197320e-01 1.532584340052043181e+01 1.532772990233265276e+01 1.532786772746419679e+01
1.745865070512359507e+00 2.980105616996681084e-01 2.980862568672102975e-01 8.214561547620249371e-01 1.532239839834834250e+01 1.532539413793621996e+01 1.532553334808542012e+01
1.753616622700546746e+00 3.574724387462003272e-01 3.575631676142572157e-01 9.856411573558013783e-01 1.531817473763100068e+01 1.532254622691169921e+01 1.532268573362707009e+01
1.761368175011208459e+00 4.168573214818773742e-01 4.169630424298174098e-01 1.149767464333283806e+00 1.531316597935830082e+01 1.531918896195961288e+01 1.531932818746420821e+01
1.769119727199395475e+00 4.761519818930924908e-01 4.762726449299338749e-01 1.313824659256770166e+00 1.530736416824854373e+01 1.531532604214397608e+01 1.531546461696915173e+01
1.776871279387582714e+00 5.353430130347511806e-01 5.354785603870209076e-01 1.477802048986260663e+00 1.530076005320574950e+01 1.531096187950068988e+01 1.531109953268020085e+01
1.784622831575769730e+00 5.944168012461934492e-01 5.945671677052014603e-01 1.641688616232013898e+00 1.529334318171481755e+01 1.530610153610120072e+01 1.530623804867498272e+01
1.792374383886431666e+00 6.533595043265510993e-01 6.535246174935431807e-01 1.805472989091166269e+00 1.528510195810904015e+01 1.530075069977757352e+01 1.530088588280652218e+01
1.800125936074618904e+00 7.121570246560964268e-01 7.123368051395516654e-01 1.969143396603683760e+00 1.527602369206947941e+01 1.529491567418886611e+01 1.529504935747088368e+01
1.807877488262805921e+00 7.707949922859264058e-01 7.709893538784713396e-01 2.132687651857851030e+00 1.526609464345840905e+01 1.528860337358549693e+01 1.528873539949593585e+01
1.815629040450993159e+00 8.292587394598495143e-01 8.294675893055121207e-01 2.296093110999267051e+00 1.525530006904720892e+01 1.528182132081973243e+01 1.528195154079388374e+01
1.823380592761654873e+00 8.875332815437941836e-01 8.877565203033372931e-01 2.459346649644981397e+00 1.524362427014907695e+01 1.527457764590397105e+01 1.527470591836710412e+01
1.831132144949842111e+00 9.456032933249414185e-01 9.458408153401932639e-01 2.622434625788084617e+00 1.523105064344744441e+01 1.526688108568577285e+01 1.526700727481879305e+01
1.838883697138029127e+00 1.003453095490093760e+00 1.003704788952447524e+00 2.785342870539877502e+00 1.521756173218551211e+01 1.525874098249812505e+01 1.525886495750816252e+01
1.846635249326216588e+00 1.061066632938114651e+00 1.061332380057409930e+00 2.948056655178082242e+00 1.520313928135388437e+01 1.525016728388428433e+01 1.525028891859431468e+01
1.854386801636878079e+00 1.118427459719069317e+00 1.118707136896779808e+00 3.110560675808084152e+00 1.518776429377273018e+01 1.524117054142575789e+01 1.524128971407447075e+01
1.862138353825065096e+00 1.175518719711900140e+00 1.175812197714714458e+00 3.272839024781849293e+00 1.517141708947931100e+01 1.523176191011618386e+01 1.523187850330326754e+01
1.869889906013252556e+00 1.232323137615161324e+00 1.232630281751850188e+00 3.434875189971783538e+00 1.515407736438988806e+01 1.522195314593986915e+01 1.522206704667691390e+01
1.877641458201439573e+00 1.288823002195375045e+00 1.289143672494038828e+00 3.596652030539550626e+00 1.513572425291450507e+01 1.521175660442448674e+01 1.521186770426806056e+01
1.885393010512101508e+00 1.345000156352847753e+00 1.345334207738304810e+00 3.758151770248277845e+00 1.511633639042641164e+01 1.520118523780997677e+01 1.520129343306270187e+01
1.893144562700288525e+00 1.400835983313544419e+00 1.401183265783663812e+00 3.919355977563035776e+00 1.509589197870950272e+01 1.519025259261552563e+01 1.519035778458831665e+01
1.900896114888475541e+00 1.456311403227526169e+00 1.456671762029156936e+00 4.080245573314757124e+00 1.507436884934705645e+01 1.517897280487225409e+01 1.517907490020514238e+01
1.908647667076663001e+00 1.511406862491245118e+00 1.511780138293103315e+00 4.240800814815117725e+00 1.505174453102113041e+01 1.516736059628824940e+01 1.516745950733203330e+01
1.916399219264850018e+00 1.566102329191616960e+00 1.566488358254323643e+00 4.401001294613863024e+00 1.502799631602815644e+01 1.515543126877720859e+01 1.515552691404124808e+01
1.924150771575511953e+00 1.620377290261418857e+00 1.620775904603473760e+00 4.560825940985937521e+00 1.500310132728697887e+01 1.514320069806613311e+01 1.514329300274134660e+01
1.931902323763698970e+00 1.674210746173612208e+00 1.674621773731969077e+00 4.720253007426687297e+00 1.497703658783130187e+01 1.513068532730455118e+01 1.513077422387513948e+01
1.939653875951886208e+00 1.727581216093148297e+00 1.728004480879161697e+00 4.879260088861511413e+00 1.494977908675630829e+01 1.511790215767947210e+01 1.511798758664091125e+01
1.947405428140073225e+00 1.780466736402964933e+00 1.780902058651349096e+00 5.037824113882408916e+00 1.492130584942502480e+01 1.510486873981488110e+01 1.510495065052268870e+01
1.955156980450734938e+00 1.832844866379050197e+00 1.833292062689982460e+00 5.195921353192881398e+00 1.489159400557022650e+01 1.509160316276699376e+01 1.509168151444758088e+01
1.962908532638922177e+00 1.884692690973543305e+00 1.885151574446356504e+00 5.353527413889056064e+00 1.486062086047227027e+01 1.507812404293866670e+01 1.507819880590380102e+01
1.970660084827109415e+00 1.935986834029080006e+00 1.936457214388669801e+00 5.510617259288447478e+00 1.482836396177704685e+01 1.506445050947470143e+01 1.506452166659246217e+01
1.978411637015296654e+00 1.986703465436298277e+00 1.987185149150140218e+00 5.667165204041154425e+00 1.479480117142286844e+01 1.505060219023580359e+01 1.505066973872740022e+01
1.986163189325958367e+00 2.036818315520228850e+00 2.037311105906181474e+00 5.823144924124808774e+00 1.475991073525384678e+01 1.503659919489626873e+01 1.503666314854603137e+01
1.993914741514145383e+00 2.086306687001695526e+00 2.086810384325792800e+00 5.978529451554000396e+00 1.472367135663552595e+01 1.502246209765149665e+01 1.502252248953956837e+01
2.001666293702332400e+00 2.135143477277787305e+00 2.135657878842864843e+00 6.133291192794410485e+00 1.468606226554826044e+01 1.500821191590683590e+01 1.500826880179558565e+01
2.009417845890519416e+00 2.183303195235430927e+00 2.183828095459263263e+00 6.287401921061761101e+00 1.464706329451893119e+01 1.499387008928487752e+01 1.499392355180759573e+01
2.017169398201181352e+00 2.230759985293631953e+00 2.231295175777129991e+00 6.440832781301332410e+00 1.460665495295774896e+01 1.497945845533281961e+01 1.497950860913003979e+01
2.024920950389368368e+00 2.277487649469521980e+00 2.278032919054076011e+00 6.593554277799371199e+00 1.456481850758720853e+01 1.496499922457332055e+01 1.496504622247359428e+01
2.032672502577555829e+00 2.323459679520544885e+00 2.324014814336608392e+00 6.745536282384222204e+00 1.452153605947543902e+01 1.495051495126506147e+01 1.495055899146255030e+01
2.040424054765742845e+00 2.368649284192612559e+00 2.369214067697646975e+00 6.896748013722053372e+00 1.447679063129658772e+01 1.493602850452533914e+01 1.493606983839549507e+01
2.048175607076404336e+00 2.413029423564125864e+00 2.413603636571695965e+00 7.047158025262830527e+00 1.443056625561940542e+01 1.492156303640390114e+01 1.492160197603193872e+01
2.055927159264591797e+00 2.456572841791365924e+00 2.457156262490637566e+00 7.196734171578929029e+00 1.438284807376086860e+01 1.490714195002485809e+01 1.490717887367623362e+01
2.063678711452778813e+00 2.499252109495015084e+00 2.499844513462854412e+00 7.345443589372981030e+00 1.433362243521023416e+01 1.489278886458157913e+01 1.489282421740207063e+01
2.071430263640966274e+00 2.541039661745537970e+00 2.541640821950456708e+00 7.493252643454765050e+00 1.428287701428268264e+01 1.487852758195982261e+01 1.487856186875331055e+01
2.079181815951627765e+00 2.581907842808922826e+00 2.582517529608375106e+00 7.640126873004743580e+00 1.423060093483986144e+01 1.486438205083226727e+01 1.486441581876348117e+01
2.086933368139814782e+00 2.621828949528526742e+00 2.622446930659971365e+00 7.786030906616572267e+00 1.417678491564902821e+01 1.485037632945686070e+01 1.485041014150486660e+01
2.094684920328002242e+00 2.660775283639801536e+00 2.661401324207334440e+00 7.930928379101028547e+00 1.412142142729856609e+01 1.483653454167113850e+01 1.483656894557685391e+01
2.102436472516189259e+00 2.698719200021620690e+00 2.699353062478673682e+00 8.074781798363906304e+00 1.406450488238185770e+01 1.482288082945696672e+01 1.482291632919646140e+01
2.110188024826851194e+00 2.735633161084792153e+00 2.736274605214031208e+00 8.217552392737733413e+00 1.400603185232956527e+01 1.480943929916625379e+01 1.480947633479381764e+01
2.117939577015038211e+00 2.771489789807493942e+00 2.772138572699190728e+00 8.359199902689825379e+00 1.394600132994924202e+01 1.479623396596817031e+01 1.479627290395146666e+01
2.125691129203225227e+00 2.806261930639745383e+00 2.806917806670429894e+00 8.499682341864172486e+00 1.388441503404823862e+01 1.478328869501673459e+01 1.478332982760111491e+01
2.133442681391412243e+00 2.839922706447099099e+00 2.840585427259281204e+00 8.638955667753647205e+00 1.382127778915231353e+01 1.477062714456974568e+01 1.477067069500765228e+01
2.141194233579599260e+00 2.872445580100603912e+00 2.873114894584985812e+00 8.776973376661420190e+00 1.375659798570349324e+01 1.475827270797448598e+01 1.475831883854304749e+01
2.148945785890260751e+00 2.903804417457923837e+00 2.904480071739744762e+00 8.913685985952856328e+00 1.369038815071349546e+01 1.474624845533460515e+01 1.474629727598101780e+01
2.156697338078447768e+00 2.933973549160465044e+00 2.934655286590893475e+00 9.049040358573691378e+00 1.362266566862391493e+01 1.473457707549255602e+01 1.473462865191247495e+01
2.164448890266634784e+00 2.962927838379545431e+00 2.963615399534206052e+00 9.182978855519582595e+00 1.355345368325899003e+01 1.472328081536926625e+01 1.472333517601812680e+01
2.172200442454821800e+00 2.990642744323906310e+00 2.991335867009114580e+00 9.315438209000992842e+00 1.348278226582255535e+01 1.471238142051056741e+01 1.471243856244842085e+01
2.179951994765483292e+00 3.017094389098743612e+00 3.017792808367064872e+00 9.446348061893928616e+00 1.341068992105956426e+01 1.470190007398922027e+01 1.470195996765297508e+01
2.187703546953670308e+00 3.042259622120946805e+00 3.042963070296765604e+00 9.575629023183889643e+00 1.333722556960369410e+01 1.469185733605089439e+01 1.469191992911774669e+01
2.195455099141857325e+00 3.066116088478733293e+00 3.066824295195837546e+00 9.703190094827888856e+00 1.326245116603439023e+01 1.468227308215086779e+01 1.468233830266646756e+01
2.203206651330044785e+00 3.088642292523752442e+00 3.089354984774668633e+00 9.828925172594740189e+00 1.318644523148568837e+01 1.467316644303277151e+01 1.467323420195941885e+01
2.210958203640706277e+00 3.109817662973340280e+00 3.110534565172077048e+00 9.952708280076386416e+00 1.310930765637968776e+01 1.466455574457239486e+01 1.466462593788762092e+01
2.218709755828893737e+00 3.129622614634210098e+00 3.130343448692345820e+00 1.007438695876827950e+01 1.303116634038781108e+01 1.465645844956296173e+01 1.465653096001267386e+01
2.226461308017080754e+00 3.148038611757066452e+00 3.148763097174231973e+00 1.019377301729301166e+01 1.295218647843002557e+01 1.464889109962718727e+01 1.464896579821579614e+01
2.234212860205267770e+00 3.165048225941172966e+00 3.165776079909827789e+00 1.031062934610316795e+01 1.287258377163405321e+01 1.464186926035696423e+01 1.464194600763762821e+01
2.241964412515929705e+00 3.180635193509930403e+00 3.181366131034369271e+00 1.042465091310407210e+01 1.279264345950630499e+01 1.463540746789960778e+01 1.463548611511372677e+01
2.249715964704116722e+00 3.194784468490235341e+00 3.195518202519856299e+00 1.053543698543960438e+01 1.271274812042251590e+01 1.462951917879095554e+01 1.462959956889421242e+01
2.257467516892303738e+00 3.207482274804897671e+00 3.208218516381568630e+00 1.064245015911149572e+01 1.263341866748412379e+01 1.462421672175024590e+01 1.462429869035402596e+01
2.265219069080490755e+00 3.218716152389860419e+00 3.219454610808281991e+00 1.074495563176405177e+01 1.255537509364044801e+01 1.461951125383117400e+01 1.461959463008100180e+01
2.272970621391152246e+00 3.228475000785771876e+00 3.229215383766603775e+00 1.084193196097469958e+01 1.247962573225336236e+01 1.461541271964931177e+01 1.461549732705697124e+01
2.280722173579339707e+00 3.236749117480725690e+00 3.237491131355104468e+00 1.093194412939031324e+01 1.240759420652621614e+01 1.461192981499882038e+01 1.461201547224049513e+01
2.288473725767526723e+00 3.243530233220733638e+00 3.244273583125355742e+00 1.101297825551432297e+01 1.234128473446256535e+01 1.460906995409206210e+01 1.460915647578235266e+01
2.296225277955714184e+00 3.248811540937930786e+00 3.249555931019256327e+00 1.108227262479826436e+01 1.228345110799580908e+01 1.460683924197601691e+01 1.460692643942451419e+01
2.303976830266375675e+00 3.252587720484685807e+00 3.253332854110713601e+00 1.113627287983564607e+01 1.223764151275769940e+01 1.460524245133470522e+01 1.460533013329057894e+01
2.311728382454563135e+00 3.254854957697169038e+00 3.255600537675484407e+00 1.117098673883057280e+01 1.220784381652812556e+01 1.460428300440580252e+01 1.460437097779434090e+01
2.319479934642750152e+00 3.255610958635818619e+00 3.256356687435881359e+00 1.118301586119151736e+01 1.219745370969088860e+01 1.460396295973844083e+01 1.460405103039248687e+01
