0.000000000000000000e+00 0.000000000000000000e+00 0.000000000000000000e+00 0.000000000000000000e+00 1.583150422117841849e+01 1.583153778504196652e+01 1.583153955154694792e+01
1.178511661952620117e-02 1.024898597297521641e-01 1.137201146733268636e-01 2.523872456923730301e-01 1.583056620795183456e+01 1.583064989116406451e+01 1.583110292745266179e+01
2.357023338047380123e-02 2.107679890441180592e-01 2.220239566999697989e-01 5.046835052319053050e-01 1.582779177594804842e+01 1.582794875441526017e+01 1.582978962392349054e+01
3.535535000000000067e-02 3.188994075474769763e-01 3.302140597003399569e-01 7.568124587661887448e-01 1.582319360544179787e+01 1.582342578172213265e+01 1.582759175345104730e+01
4.714046661952620010e-02 4.268870566808541933e-01 4.382835056996075007e-01 1.008688930538955475e+00 1.581677619562765535e+01 1.581708374822526331e+01 1.582449582479975625e+01
5.892558338047380190e-02 5.347004010075036007e-01 5.461983288046148299e-01 1.260228969455943426e+00 1.580854494928597731e+01 1.580892757213619504e+01 1.582048305846875635e+01
7.071070000000000133e-02 6.423038495824823224e-01 6.539197438249827465e-01 1.511349224865103258e+00 1.579850674993171467e+01 1.579896387383719691e+01 1.581552949457110024e+01
8.249581661952620770e-02 7.496605924577320890e-01 7.614075193872775760e-01 1.761966971506603752e+00 1.578667012818993953e+01 1.578720098126874660e+01 1.580960612910302210e+01
9.428093338047380256e-02 8.567334857417678862e-01 8.686208726090290932e-01 2.012000181896605344e+00 1.577304538740491857e+01 1.577364901385056228e+01 1.580267907845788677e+01
1.060660500000000089e-01 9.634852907701952907e-01 9.755187932937782191e-01 2.261367612157717311e+00 1.575764473321024539e+01 1.575831999805822292e+01 1.579470977060153203e+01
1.178511666195262153e-01 1.069878728717243099e+00 1.082060192711787661e+00 2.509988915453710945e+00 1.574048241380699587e+01 1.574122800243258880e+01 1.578565516026335303e+01
1.296362833804738102e-01 1.175876448460117407e+00 1.188203957807488331e+00 2.757784725150505434e+00 1.572157487563384137e+01 1.572238929142196717e+01 1.577546796780244875e+01
1.414214000000000027e-01 1.281440958565614574e+00 1.293908956574896019e+00 3.004676733303185188e+00 1.570094093332311225e+01 1.570182249517103479e+01 1.576409693929732647e+01
1.532065166195262229e-01 1.386534548709989156e+00 1.399134018879964358e+00 3.250587790148099732e+00 1.567860195067303941e+01 1.567954879127744938e+01 1.575148712432553744e+01
1.649916333804738178e-01 1.491119182539425436e+00 1.503837875434570925e+00 3.495441970469383541e+00 1.565458203567907169e+01 1.565559210120486533e+01 1.573758017136584897e+01
1.767767500000000103e-01 1.595156374922493070e+00 1.607979069415637507e+00 3.739164633427690010e+00 1.562890824682237323e+01 1.562997929836249078e+01 1.572231463771027293e+01
1.885618666195262028e-01 1.698607064766021191e+00 1.711515853706628398e+00 3.981682501690106069e+00 1.560161080620864560e+01 1.560274042331274202e+01 1.570562630963909179e+01
2.003469833804737976e-01 1.801431460363570158e+00 1.814406052474668352e+00 4.222923706695781654e+00 1.557272332328268405e+01 1.557390890970327746e+01 1.568744853340294121e+01
2.121321000000000179e-01 1.903588868308695448e+00 1.916606899722565815e+00 4.462817826637738072e+00 1.554228302538125206e+01 1.554352181708687652e+01 1.566771255343715374e+01
2.239172166195262104e-01 2.005037516724959001e+00 2.018074866911008236e+00 4.701295942770146397e+00 1.551033098987007186e+01 1.551162006527627568e+01 1.564634785301850783e+01
2.357023333804738052e-01 2.105734350736705451e+00 2.118765458643346644e+00 4.938290661865982756e+00 1.547691238229387345e+01 1.547824867454851550e+01 1.562328249887178444e+01
2.474874499999999977e-01 2.205634812013854695e+00 2.218632989100024044e+00 5.173736131278142025e+00 1.544207669587666842e+01 1.544345700694185730e+01 1.559844348585943052e+01
2.592725666195262457e-01 2.304692614035642961e+00 2.317630351495797658e+00 5.407568071901595275e+00 1.540587798625687022e+01 1.540729900243709416e+01 1.557175707655997776e+01
2.710576833804738128e-01 2.402859492717160705e+00 2.415708760671274380e+00 5.639723777983206787e+00 1.536837510642407345e+01 1.536983341488820898e+01 1.554314913853793989e+01
2.828428000000000053e-01 2.500084945361026101e+00 2.512817482124492852e+00 5.870142110028520044e+00 1.532963193616776465e+01 1.533112404193651912e+01 1.551254547526340488e+01
2.946279166195262533e-01 2.596315970639734072e+00 2.608903560409296496e+00 6.098763505726419787e+00 1.528971759896168692e+01 1.529123994176550383e+01 1.547987214517254806e+01
3.064130333804738204e-01 2.691496791207077077e+00 2.703911528688305754e+00 6.325529959079205788e+00 1.524870667150174519e+01 1.525025564185390792e+01 1.544505577325277201e+01
3.181981500000000129e-01 2.785568573125339675e+00 2.797783113745135442e+00 6.550384993703908698e+00 1.520667937899765221e+01 1.520825133280197861e+01 1.540802385099132010e+01
3.299832666195262054e-01 2.878469155948508273e+00 2.890456950362680910e+00 6.773273654775876729e+00 1.516372176800632765e+01 1.516531303901748728e+01 1.536870501889624663e+01
3.417683833804738280e-01 2.970132777254678391e+00 2.981868288971276204e+00 6.994142471140903261e+00 1.511992586188023324e+01 1.512153277135790930e+01 1.532702933778439558e+01
3.535535000000000205e-01 3.060489807133094597e+00 3.071948712128177661e+00 7.212939413187765325e+00 1.507538979048185368e+01 1.507700865344902397e+01 1.528292854454973870e+01
3.653386166195262685e-01 3.149466507678836624e+00 3.160625874911711097e+00 7.429613870420298305e+00 1.503021788461434127e+01 1.503184501223627834e+01 1.523633628631756132e+01
3.771237333804738356e-01 3.236984803711023151e+00 3.247823255571222312e+00 7.644116601667141353e+00 1.498452073965794717e+01 1.498615243740222169e+01 1.518718834116313765e+01
3.889088500000000281e-01 3.322962081577050419e+00 3.333459933349655291e+00 7.856399683048103100e+00 1.493841523842419505e+01 1.494004779985289488e+01 1.513542282092406843e+01
4.006939666195262206e-01 3.407311032251012950e+00 3.417450409730597993e+00 8.066416477012255726e+00 1.489202452225297790e+01 1.489365421852302873e+01 1.508098034964770662e+01
4.124790833804738432e-01 3.489939527438843836e+00 3.499704461986227422e+00 8.274121576849664095e+00 1.484547791395717020e+01 1.484710097935891504e+01 1.502380422795890880e+01
4.242642000000000357e-01 3.570750546663347347e+00 3.580127047072284352e+00 8.479470751216338087e+00 1.479891078108213698e+01 1.480052339522135796e+01 1.496384057860599626e+01
4.360493166195262282e-01 3.649642172254230044e+00 3.658618272863689569e+00 8.682420911264049579e+00 1.475246432738519253e+01 1.475406259489030880e+01 1.490103846629513029e+01
4.478344333804737953e-01 3.726507643053554641e+00 3.735073427746246733e+00 8.882930056275165853e+00 1.470628531539952633e+01 1.470786524430325670e+01 1.483535000435439954e+01
4.596195500000000433e-01 3.801235485032846029e+00 3.809383086858292078e+00 9.080957221651939193e+00 1.466052570765372032e+01 1.466208318783779063e+01 1.476673044335264606e+01
4.714046666195261803e-01 3.873709735220866701e+00 3.881433311481234050e+00 9.276462451025617284e+00 1.461534221389365484e+01 1.461687299718991895e+01 1.469513823541403497e+01
4.831897833804738585e-01 3.943810250529113048e+00 3.951105933416848348e+00 9.469406749905424192e+00 1.457089574348695749e+01 1.457239542723937298e+01 1.462053509712467836e+01
4.949748999999999954e-01 4.011413117874283785e+00 4.018278940887445749e+00 9.659752043916595809e+00 1.452735066841951905e+01 1.452881467852149910e+01 1.454288623814790959e+01
5.067600166195261879e-01 4.076391178944869687e+00 4.082826979460080885e+00 9.847461162464211881e+00 1.446215861435194938e+01 1.448487495470908293e+01 1.448629852241993987e+01
5.185451333804738105e-01 4.138614659290120734e+00 4.144621957994200301e+00 1.003249780677869474e+01 1.437832575932385382e+01 1.444363683302952239e+01 1.444501509368907044e+01
5.303302500000000030e-01 4.197951912841015876e+00 4.203533770939231751e+00 1.021482652448606387e+01 1.429136144795085883e+01 1.440380710770807937e+01 1.440513497786469088e+01
5.421153666195263066e-01 4.254270288179919923e+00 4.259431143554995636e+00 1.039441271051578219e+01 1.420124387722811754e+01 1.436555586120101502e+01 1.436682813578261353e+01
5.539004833804738182e-01 4.307437100358211701e+00 4.312182584297943322e+00 1.057122259485253402e+01 1.410795433836957002e+01 1.432905195819562749e+01 1.433026333158027477e+01
5.656856000000000106e-01 4.357320709540910997e+00 4.361657446008708305e+00 1.074522323827431336e+01 1.401147725533106936e+01 1.429446171359677109e+01 1.429560682229100621e+01
5.774707166195262031e-01 4.403791701206229092e+00 4.407727091045497758e+00 1.091638255478063435e+01 1.391180011798888394e+01 1.426194751699792640e+01 1.426302099332934681e+01
5.892558333804738258e-01 4.446724141939234265e+00 4.450266135008075885e+00 1.108466932278848560e+01 1.380891340858795324e+01 1.423166639347455664e+01 1.423266292879611683e+01
6.010409500000000182e-01 4.485996898642196307e+00 4.489153757389358290e+00 1.125005320515682072e+01 1.370281051877837797e+01 1.420376851286513364e+01 1.420468292883620975e+01
6.128260666195262107e-01 4.521495001714349371e+00 4.524275060256706560e+00 1.141250479556575392e+01 1.359348764733433157e+01 1.417839566811760221e+01 1.417922299434725808e+01
6.246111833804738334e-01 4.553111015741449386e+00 4.555522439175758720e+00 1.157199565492895310e+01 1.348094370218044702e+01 1.415567975674468748e+01 1.415641531294750699e+01
6.363963000000000259e-01 4.580746392801969158e+00 4.582796941982520522e+00 1.172849835675640584e+01 1.336518019773536459e+01 1.413574129212702779e+01 1.413638077313871122e+01
6.481814166195262183e-01 4.604312777749814067e+00 4.606009585175264043e+00 1.188198655776543156e+01 1.324620113574940028e+01 1.411868797561153244e+01 1.411922753869343339e+01
6.599665333804738410e-01 4.623733224271645348e+00 4.625082587113213961e+00 1.203243505906198685e+01 1.312401289511655200e+01 1.410461336704148039e+01 1.410504972468344143e+01
6.717516500000000335e-01 4.638943291932840829e+00 4.639950488379624538e+00 1.217981987562257373e+01 1.299862412051563787e+01 1.409359567802104429e+01 1.409392621342777119e+01
6.835367666195262260e-01 4.649891992284841180e+00 4.650561127841457143e+00 1.232411832911657790e+01 1.287004559692557670e+01 1.408569668581964329e+01 1.408591967683676671e+01
6.953218833804738486e-01 4.656542547186069747e+00 4.656876443795198384e+00 1.246530913107785921e+01 1.273829013748940753e+01 1.408096050983106906e+01 1.408107612889751614e+01
7.071070000000000411e-01 4.658870007746592101e+00 4.658876008447870198e+00 1.260336751126742705e+01 1.260337743509623287e+01 1.407940176695725043e+01 1.407943553729971775e+01
7.154403359787412375e-01 4.658530890005808445e+00 4.663110465719100262e+00 1.260136148416636459e+01 1.260247615078523431e+01 1.407975509063801134e+01 1.408060148793892274e+01
7.237736717574824175e-01 4.657504610067806361e+00 4.675784296967083975e+00 1.259533798083865541e+01 1.259980492784769091e+01 1.408076518334686433e+01 1.408412660631631219e+01
7.321070077362237249e-01 4.655794029585215377e+00 4.696780226358922228e+00 1.258537317899038044e+01 1.259536779639949167e+01 1.408244724567164319e+01 1.408992930023754298e+01
7.404403437149650324e-01 4.653398982634940673e+00 4.725910944193373986e+00 1.257157379973529210e+01 1.258918721113057515e+01 1.408479987645535836e+01 1.409790491768434073e+01
7.487736794937062124e-01 4.650319236847241022e+00 4.762920730445224571e+00 1.255408026712452418e+01 1.258129482036602020e+01 1.408782089404599880e+01 1.410791614020150142e+01
7.571070154724475199e-01 4.646554495078463631e+00 4.807491426757286135e+00 1.253305919625231546e+01 1.257173167307636952e+01 1.409150747738108223e+01 1.411980034682856378e+01
7.654403514511887163e-01 4.642104397424239970e+00 4.859249402025547226e+00 1.250869544898431940e+01 1.256054849053501599e+01 1.409585618285004394e+01 1.413337753167171051e+01
7.737736872299298962e-01 4.636968522906559365e+00 4.917773112423867943e+00 1.248118450174004046e+01 1.254780599825753207e+01 1.410086295240011545e+01 1.414845791481623216e+01
7.821070232086710927e-01 4.631146391175903432e+00 4.982600845803621503e+00 1.245072567430297283e+01 1.253357531927687241e+01 1.410652312111625761e+01 1.416484868991972945e+01
7.904403591874124002e-01 4.624637465710612183e+00 5.053238269640454305e+00 1.241751654058590759e+01 1.251793843217198798e+01 1.411283142415052261e+01 1.418235958984051237e+01
7.987736949661535801e-01 4.617441156291543614e+00 5.129165508257499617e+00 1.238174861230576873e+01 1.250098868722809087e+01 1.411978200544449891e+01 1.420080717370482759e+01
8.071070309448948876e-01 4.609556821484577682e+00 5.209843516772322936e+00 1.234360424575607063e+01 1.248283138027140815e+01 1.412736842757348477e+01 1.422001788698013947e+01
8.154403669236360841e-01 4.600983773049796888e+00 5.294719588237578378e+00 1.230325462963591576e+01 1.246358438416181791e+01 1.413558368086154537e+01 1.423983004123135565e+01
8.237737027023773750e-01 4.591721279161279590e+00 5.383231956857130740e+00 1.226085864268167036e+01 1.244337882337425150e+01 1.414442019475254497e+01 1.426009491736849100e+01
8.321070386811185715e-01 4.581768567611915977e+00 5.474813476830978409e+00 1.221656238570323083e+01 1.242235978380183603e+01 1.415386985024650635e+01 1.428067719071564312e+01
8.404403746598598790e-01 4.571124831367291641e+00 5.568894400795511679e+00 1.217049921376411348e+01 1.240068704685838696e+01 1.416392399111929556e+01 1.430145485787827475e+01
8.487737104386011699e-01 4.559789232458197006e+00 5.664904381145276169e+00 1.212279009434921839e+01 1.237853581686098359e+01 1.417457343770994349e+01 1.432231883008213735e+01
8.571070464173423664e-01 4.547760905829610678e+00 5.762273789944803326e+00 1.207354417596096141e+01 1.235609741548036311e+01 1.418580850165426632e+01 1.434317231257070091e+01
8.654403823960836739e-01 4.535038965957360446e+00 5.860434468929471841e+00 1.202285948487902090e+01 1.233357990834821116e+01 1.419761899889738110e+01 1.436393005908291087e+01
8.737737181748248538e-01 4.521622511325140259e+00 5.958820098879007432e+00 1.197082366192356417e+01 1.231120860240135961e+01 1.420999426554770473e+01 1.438451757809377440e+01
8.821070541535661613e-01 4.507510628824632271e+00 6.056866325640380744e+00 1.191751470228184573e+01 1.228922635342198433e+01 1.422292317453925747e+01 1.440487033286862228e+01
8.904403901323074688e-01 4.492702401339327523e+00 6.154010786396174382e+00 1.186300168017175771e+01 1.226789360845299370e+01 1.423639415007424702e+01 1.442493296133620007e+01
8.987737259110486487e-01 4.477196912704695109e+00 6.249693250338333783e+00 1.180734541762260648e+01 1.224748807766647118e+01 1.425039518515133885e+01 1.444465854308397290e+01
9.071070618897899562e-01 4.460993252554052546e+00 6.343356027799694097e+00 1.175059909838620875e+01 1.222830393065699894e+01 1.426491385975361581e+01 1.446400791864136970e+01
9.154403978685312637e-01 4.444090524762651206e+00 6.434444804732130763e+00 1.169280883605823718e+01 1.221065039954522291e+01 1.427993735633280181e+01 1.448294906075072142e+01
9.237737336472724436e-01 4.426487852778944188e+00 6.522410116855234641e+00 1.163401417274474525e+01 1.219484965300084767e+01 1.429545247859706336e+01 1.450145650599323055e+01
9.321070696260138622e-01 4.408184384801341338e+00 6.606709600675503502e+00 1.157424852267842574e+01 1.218123382426814416e+01 1.431144567080404073e+01 1.451951083959211175e+01
9.404404056047550586e-01 4.389179302966793372e+00 6.686811136054969573e+00 1.151353957851310028e+01 1.217014109295934610e+01 1.432790303388840947e+01 1.453709822541907926e+01
9.487737413834963496e-01 4.369471828933210844e+00 6.762197006042357295e+00 1.145190966015048240e+01 1.216191074910311443e+01 1.434481034508579178e+01 1.455420998422736290e+01
9.571070773622376571e-01 4.349061229265434925e+00 6.832369074173944234e+00 1.138937602387894898e+01 1.215687724020377658e+01 1.436215307790565987e+01 1.457084221057765561e+01
9.654404133409788535e-01 4.327946825246220541e+00 6.896854898630223829e+00 1.132595115124267693e+01 1.215536328125977938e+01 1.437991641850418034e+01 1.458699541973888891e+01
9.737737491197201445e-01 4.306127998585108863e+00 6.955214642551382553e+00 1.126164299641196642e+01 1.215767220679999916e+01 1.439808528572046953e+01 1.460267422689499739e+01
9.821070850984613410e-01 4.283604196887382365e+00 7.007048470695453446e+00 1.119645520997349841e+01 1.216407986543999620e+01 1.441664435130447863e+01 1.461788704996983057e+01
9.904404210772027595e-01 4.260374943962446537e+00 7.052004019895459663e+00 1.113038735821965552e+01 1.217482646163054483e+01 1.443557805613704836e+01 1.463264582860401752e+01
9.987737568559438284e-01 4.236439845531396742e+00 7.089783476758896086e+00 1.106343511444684680e+01 1.219010883970606862e+01 1.445487063024816088e+01 1.464696576214312884e+01
1.007107092834685247e+00 4.211798594652123917e+00 7.120149709512659797e+00 1.099559043954474546e+01 1.221007374979182991e+01 1.447450611285879596e+01 1.466086505953309604e+01
1.015440428813426443e+00 4.186450982398335796e+00 7.142930928845694361e+00 1.092684177025686942e+01 1.223481261055296621e+01 1.449446836801908667e+01 1.467436469523768494e+01
1.023773764592167623e+00 4.160396903439250949e+00 7.158023458267789074e+00 1.085717418922067168e+01 1.226435821042011654e+01 1.451474110411783869e+01 1.468748817474765112e+01
1.032107100570908820e+00 4.133636361294364292e+00 7.165392314001781671e+00 1.078656959338475474e+01 1.229868363296687939e+01 1.453530789319142968e+01 1.470026130418267662e+01
1.040440436549650016e+00 4.106169479258646504e+00 7.165069499905954764e+00 1.071500687857510847e+01 1.233770349113600240e+01 1.455615218537095323e+01 1.471271195958977351e+01
1.048773772328391196e+00 4.077996505729904797e+00 7.157150135758643117e+00 1.064246211198041792e+01 1.238127736938852408e+01 1.457725732708381550e+01 1.472486986023214328e+01
1.057107108307132615e+00 4.049117819170630739e+00 7.141786712126876324e+00 1.056890870858249087e+01 1.242921516726581110e+01 1.459860657855732846e+01 1.473676634192560542e+01
1.065440444285873811e+00 4.019533939158669078e+00 7.119181920376530748e+00 1.049431762886506725e+01 1.248128388764297192e+01 1.462018312555643185e+01 1.474843412750925786e+01
1.073773780064614991e+00 3.989245531342564988e+00 7.089580574938925572e+00 1.041865756728167547e+01 1.253721536590014729e+01 1.464197009386577086e+01 1.475990709980511717e+01
1.082107116043356188e+00 3.958253411994095305e+00 7.053261156452091285e+00 1.034189514707717095e+01 1.259671439997685560e+01 1.466395056096317617e+01 1.477122007523986014e+01
1.090440452022097384e+00 3.926558559068591858e+00 7.010527468556174036e+00 1.026399513854315337e+01 1.265946678255269298e+01 1.468610755789317324e+01 1.478240857802891384e+01
1.098773787800838564e+00 3.894162116676359808e+00 6.961700788540407636e+00 1.018492066792155448e+01 1.272514686465525635e+01 1.470842406626987220e+01 1.479350862471336825e+01
1.107107123779579760e+00 3.861065399116483832e+00 6.907112797881520549e+00 1.010463343229594990e+01 1.279342435547423129e+01 1.473088299568388493e+01 1.480455652722351090e+01
1.115440459758321179e+00 3.827269901838837640e+00 6.847099477791083189e+00 1.002309393752459776e+01 1.286397016964365037e+01 1.475346711140951328e+01 1.481558873815311550e+01
1.123773795537062359e+00 3.792777305327808435e+00 6.781996019477366744e+00 9.940261724202109406e+00 1.293646127798279721e+01 1.477615885068594892e+01 1.482664181542010695e+01
1.132107131515803555e+00 3.757589478517366910e+00 6.712132747390660015e+00 9.856095596982456186e+00 1.301058455660035662e+01 1.479893978168081858e+01 1.483775274623542551e+01
1.140440467494544752e+00 3.721708489555390909e+00 6.637832005484689546e+00 9.770553874587390553e+00 1.308603968305322240e+01 1.482178864406204966e+01 1.484896068543065439e+01
1.148773803273285932e+00 3.685136609005823072e+00 6.559405875249311180e+00 9.683594623349852881e+00 1.316254121269867206e+01 1.484467078072050228e+01 1.486031731460021987e+01
1.157107139252027128e+00 3.647876312555641931e+00 6.477154616379418250e+00 9.595175889948837522e+00 1.323981993990058115e+01 1.486737042388029018e+01 1.487205435311786239e+01
1.165440475230768325e+00 3.609930291491489474e+00 6.391365724653693903e+00 9.505255951297147732e+00 1.331762365048822794e+01 1.488312266935855988e+01 1.489095138131144935e+01
1.173773811009509505e+00 3.571301455137635639e+00 6.302313453825599154e+00 9.413793542432097539e+00 1.339571741677702832e+01 1.489511579299391286e+01 1.491383333808967571e+01
1.182107146988250923e+00 3.531992932776550020e+00 6.210258708746176914e+00 9.320748078778587242e+00 1.347388352574692938e+01 1.490725871482829668e+01 1.493680288164622283e+01
1.190440482966992120e+00 3.492008083758482595e+00 6.115449237323472786e+00 9.226079891780974762e+00 1.355192111585721548e+01 1.491965285243539618e+01 1.495976836562195800e+01
1.198773818745733299e+00 3.451350499104087532e+00 6.018120004256520161e+00 9.129750436904611632e+00 1.362964563395500406e+01 1.493233297094922563e+01 1.498270283955229942e+01
1.207107154724474496e+00 3.410024002572503488e+00 5.918493700313062433e+00 9.031722491477536252e+00 1.370688815851926812e+01 1.494532370840240176e+01 1.500558738878064524e+01
1.215440490703215692e+00 3.368032660334936867e+00 5.816781358834903770e+00 8.931960362767989992e+00 1.378349462259500058e+01 1.495864533446796685e+01 1.502840524895426810e+01
1.223773826481956872e+00 3.325380781683621834e+00 5.713182997923922812e+00 8.830430063556402587e+00 1.385932500876226037e+01 1.497231492558194255e+01 1.505114052837110705e+01
1.232107162460698069e+00 3.282072919192680516e+00 5.607888278402233695e+00 8.727099474091833287e+00 1.393425252813939608e+01 1.498634666674590754e+01 1.507377782100071428e+01
1.240440498439439487e+00 3.238113877898859627e+00 5.501077179110639648e+00 8.621938512494606854e+00 1.400816278868579801e+01 1.500075192217972919e+01 1.509630206047731882e+01
1.248773834218180667e+00 3.193508715069388160e+00 5.392920629057722515e+00 8.514919269136658642e+00 1.408095300066131017e+01 1.501553924259001604e+01 1.511869846329571843e+01
1.257107170196921864e+00 3.148262739414924294e+00 5.283581107257581344e+00 8.406016125508264381e+00 1.415253121245418733e+01 1.503071435719838789e+01 1.514095250540706417e+01
1.265440506175663060e+00 3.102381519729770165e+00 5.173213227513327794e+00 8.295205881428012518e+00 1.422281556797250879e+01 1.504628016572702087e+01 1.516304990870902714e+01
1.273773841954404240e+00 3.055870883685097184e+00 5.061964257290429536e+00 8.182467844308012772e+00 1.429173362061367314e+01 1.506223674416066238e+01 1.518497663935083430e+01
1.282107177933145437e+00 3.008736916063942779e+00 4.949974591542226854e+00 8.067783902665667028e+00 1.435922168882452787e+01 1.507858136431834239e+01 1.520671890940853643e+01
1.290440513911886633e+00 2.960985966825196325e+00 4.837378205660196606e+00 7.951138609526382517e+00 1.442522423898595285e+01 1.509530852462702200e+01 1.522826317556075360e+01
1.298773849690627813e+00 2.912624648899502233e+00 4.724303040091506034e+00 7.832519227429048492e+00 1.448969332428892365e+01 1.511240999906734039e+01 1.524959614335496205e+01
1.307107185669369231e+00 2.863659835428924882e+00 4.610871341716168637e+00 7.711915758860160786e+00 1.455258806207340250e+01 1.512987490059546580e+01 1.527070477174074981e+01
1.315440521648110428e+00 2.814098667228547068e+00 4.497199988595403930e+00 7.589320989437912779e+00 1.461387413421755888e+01 1.514768975437178966e+01 1.529157627309935030e+01
1.323773857426851608e+00 2.763948549574245739e+00 4.383400751323453193e+00 7.464730493335991923e+00 1.467352333590515023e+01 1.516583858722534650e+01 1.531219811783618390e+01
1.332107193405592804e+00 2.713217148440619120e+00 4.269580517547611365e+00 7.338142626292583515e+00 1.473151315532559735e+01 1.518430302876143756e+01 1.533255803871057665e+01
1.340440529384334001e+00 2.661912397343572767e+00 4.155841506674880392e+00 7.209558535039151117e+00 1.478782636962771946e+01 1.520306241884111031e+01 1.535264403052435611e+01
1.348773865163075181e+00 2.610042493120026119e+00 4.042281427837810526e+00 7.078982130207815082e+00 1.484245068030261727e+01 1.522209392807801720e+01 1.537244435405442999e+01
1.357107201141816377e+00 2.557615891168083522e+00 3.928993607951889899e+00 6.946420049447421974e+00 1.489537837171074486e+01 1.524137268637514531e+01 1.539194753961253603e+01
1.365440537120557796e+00 2.504641311662721748e+00 3.816067116463461417e+00 6.811881640927352599e+00 1.494660597950011827e+01 1.526087191402445953e+01 1.541114238609781140e+01
1.373773872899298976e+00 2.451127734336818520e+00 3.703586839695849786e+00 6.675378911701510987e+00 1.499613399031215266e+01 1.528056306242018003e+01 1.543001796410137239e+01
1.382107208878040172e+00 2.397084392737327541e+00 3.591633531415010960e+00 6.536926468929296519e+00 1.504396655801757099e+01 1.530041595925396614e+01 1.544856361862416883e+01
1.390440544856781369e+00 2.342520779813345388e+00 3.480283865511464292e+00 6.396541485331109556e+00 1.509011122482523071e+01 1.532039895273226371e+01 1.546676896750457075e+01
1.398773880635522548e+00 2.287446641716784246e+00 3.369610443876104089e+00 6.254243630686510791e+00 1.513457866694502485e+01 1.534047906231022118e+01 1.548462390372372255e+01
1.407107216614263745e+00 2.231871971095582996e+00 3.259681785719362068e+00 6.110054998552532091e+00 1.517738245163939581e+01 1.536062213080331951e+01 1.550211859733802022e+01
1.415440552593004941e+00 2.175807012059485235e+00 3.150562323482630323e+00 5.964000060666008629e+00 1.521853879556373634e+01 1.538079297258867939e+01 1.551924349337702225e+01
1.423773888371746121e+00 2.119262253024798870e+00 3.042312359031569713e+00 5.816105588177022945e+00 1.525806634233423331e+01 1.540095552578422122e+01 1.553598931343607958e+01
1.432107224350487540e+00 2.062248419071382788e+00 2.934988005984484172e+00 5.666400570015571070e+00 1.529598594769416309e+01 1.542107300336540554e+01 1.555234705691967889e+01
1.440440560329228736e+00 2.004776476294447995e+00 2.828641142634121142e+00 5.514916161861326493e+00 1.533232046361303524e+01 1.544110803821911482e+01 1.556830799853024061e+01
1.448773896107969916e+00 1.946857623720323449e+00 2.723319330211560807e+00 5.361685602274877560e+00 1.536709453747139875e+01 1.546102283032384328e+01 1.558386368925317278e+01
1.457107232086711113e+00 1.888503284756060330e+00 2.619065721982272610e+00 5.206744127382878062e+00 1.540033441610513520e+01 1.548077929122448637e+01 1.559900595701935444e+01
1.465440568065452531e+00 1.829725110931898602e+00 2.515918987040246524e+00 5.050128918531575195e+00 1.543206774727088160e+01 1.550033918123988919e+01 1.561372690391173990e+01
1.473773903844193711e+00 1.770534972912777283e+00 2.413913205011120500e+00 4.891879017005515529e+00 1.546232339275511158e+01 1.551966424788926524e+01 1.562801890665222437e+01
1.482107239822934908e+00 1.710944951059806707e+00 2.313077756836810384e+00 4.732035238267337185e+00 1.549113124390328622e+01 1.553871636126356037e+01 1.564187461679352431e+01
1.490440575801676326e+00 1.650967338555684227e+00 2.213437235019644067e+00 4.570640121024360347e+00 1.551852203262047958e+01 1.555745764288097099e+01 1.565528695776865575e+01
1.498773911580417506e+00 1.590614631514648547e+00 2.115011331314387899e+00 4.407737842921573446e+00 1.554452714885600706e+01 1.557585059795322024e+01 1.566824912498732836e+01
1.507107247559158703e+00 1.529899518647482193e+00 2.017814726747532372e+00 4.243374136352040971e+00 1.556917845320077909e+01 1.559385825043517038e+01 1.568075458566441682e+01
1.515440583537900121e+00 1.468834883715735229e+00 1.921857006920607347e+00 4.077596240524295368e+00 1.559250807035351016e+01 1.561144428620545099e+01 1.569279707583169348e+01
1.523773919316641301e+00 1.407433794681567818e+00 1.827142562549068705e+00 3.910452819480506381e+00 1.561454814976906569e+01 1.562857323711635260e+01 1.570437060014632280e+01
1.532107255295382719e+00 1.345709492374705496e+00 1.733670499775793905e+00 3.741993880551989449e+00 1.563533050958134751e+01 1.564521077925801507e+01 1.571546943145743569e+01
1.540440591274123916e+00 1.283675392088636569e+00 1.641434582781528428e+00 3.572270730160262087e+00 1.565488585935866261e+01 1.566132444241927679e+01 1.572608810789119715e+01
1.548773927052865096e+00 1.221345071516070524e+00 1.550423170608447254e+00 3.401335894760278311e+00 1.567324098182929326e+01 1.567688636767196009e+01 1.573622143246720917e+01
1.557107263031606514e+00 1.158732258029528950e+00 1.460619172240100738e+00 3.229243042355361304e+00 1.569039723626489646e+01 1.569189474120118710e+01 1.574586447249680887e+01
1.565440599010347933e+00 1.095850828801211430e+00 1.372000041897037947e+00 3.056046942185720816e+00 1.570594147277814834e+01 1.570676280902687694e+01 1.575501255684352131e+01
1.573773934789089113e+00 1.032714796617620223e+00 1.284537778240175676e+00 2.881803388712542269e+00 1.571975060741449504e+01 1.572161423772883460e+01 1.576366127543468920e+01
1.582107270767830531e+00 9.693382943808624974e-01 1.198198950783403882e+00 2.706569126208478338e+00 1.573277270704987174e+01 1.573550196428102410e+01 1.577180647857743523e+01
1.590440606746571728e+00 9.057355715528654372e-01 1.112944774779181412e+00 2.530401812171241716e+00 1.574507267433272517e+01 1.574836243994285390e+01 1.577944427448701781e+01
1.598773942525312908e+00 8.419209744097990722e-01 1.028731199850951628e+00 2.353359944254647118e+00 1.575663495268237746e+01 1.576021286104059094e+01 1.578657102877468965e+01
1.607107278504054104e+00 7.779089221925401532e-01 9.455090350443920988e-01 2.175502787860672527e+00 1.576743812654825483e+01 1.577107650478719059e+01 1.579318336376264043e+01
1.615440614482795523e+00 7.137138905864777172e-01 8.632241315176505392e-01 1.996890343187578631e+00 1.577746074327621528e+01 1.578097684018586300e+01 1.579927815637149102e+01
1.623773950261536703e+00 6.493503705051153485e-01 7.818175911805428369e-01 1.817583275355517669e+00 1.578668244972421952e+01 1.578993633149791265e+01 1.580485253767478326e+01
1.632107286240278121e+00 5.848328074679245425e-01 7.012260270927592742e-01 1.637642845734033292e+00 1.579508434513647508e+01 1.579797602726964101e+01 1.580990389232349003e+01
1.640440622219019318e+00 5.201755188253269768e-01 6.213819054885293403e-01 1.457130884247699099e+00 1.580264913099408552e+01 1.580511535169198112e+01 1.581442985695590053e+01
1.648773957997760498e+00 4.553925252693697412e-01 5.422139606414312363e-01 1.276109726605304973e+00 1.580936119498725567e+01 1.581137196941746836e+01 1.581842832008863020e+01
1.657107293976501694e+00 3.904972274716858038e-01 4.636477614180288809e-01 1.094642158296643686e+00 1.581520666599841007e+01 1.581676168234286273e+01 1.582189742221812878e+01
1.665440629955242891e+00 3.255017277728576297e-01 3.856066037805148117e-01 9.127914137580278586e-01 1.582017345281581733e+01 1.582129834359364473e+01 1.582483555618527227e+01
1.673773965733984070e+00 2.604151339491951322e-01 3.080131629380905012e-01 7.306211795719061985e-01 1.582425127440705559e+01 1.582499378469989360e+01 1.582724137172910339e+01
1.682107301712725489e+00 1.952385770302040302e-01 2.307935969286295241e-01 5.481957400849951645e-01 1.582743167919691452e+01 1.582785774545568280e+01 1.582911379277956421e+01
1.690440637691466685e+00 1.299460087932199637e-01 1.538920349633832174e-01 3.655808025582270027e-01 1.582970803176290708e+01 1.582989776558216732e+01 1.583045210930490931e+01
1.698773973470207865e+00 6.436372208394475214e-02 7.735503105293570214e-02 1.828493977776089741e-01 1.583107502675694178e+01 1.583111867257699146e+01 1.583125695419307988e+01
1.707107309448949062e+00 0.000000000000000000e+00 0.000000000000000000e+00 0.000000000000000000e+00 1.583150422117842027e+01 1.583153778504196652e+01 1.583153955154695502e+01
1.714858861637136078e+00 6.426746780598138753e-02 6.436865250808655736e-02 1.715571264759706283e-01 1.583111663858159446e+01 1.583123191725902679e+01 1.583125463596507743e+01
1.722610413825323539e+00 1.286459649369420255e-01 1.287241824812384305e-01 3.430541954118577208e-01 1.582989900409443251e+01 1.583037232306078046e+01 1.583039681273782406e+01
1.730361966135985030e+00 1.929686891040383601e-01 1.930524170621835123e-01 5.145356076239546717e-01 1.582786519536927905e+01 1.582894319424902463e+01 1.582896815225173448e+01
1.738113518324172491e+00 2.572430008311361593e-01 2.573391840927476970e-01 6.859803906285839581e-01 1.582501332560850216e+01 1.582694500286892847e+01 1.582697030934711613e+01
1.745865070512359507e+00 3.214592423564591739e-01 3.215704353766654089e-01 8.573737414715294491e-01 1.582133930394227583e+01 1.582437989888813590e+01 1.582440557482384058e+01
1.753616622700546746e+00 3.856047914647052766e-01 3.857320798747356783e-01 1.028701764687608655e+00 1.581683775499942790e+01 1.582125078862328671e+01 1.582127689168006235e+01
1.761368175011208459e+00 4.496660801733398105e-01 4.498099075348260811e-01 1.199950698855761333e+00 1.581150211482366608e+01 1.581756125454549711e+01 1.581758785692280966e+01
1.769119727199395475e+00 5.136290748517037263e-01 5.137895463457502476e-01 1.371106687307698246e+00 1.580532466642188005e+01 1.581331554117907068e+01 1.581334272251809914e+01
1.776871279387582714e+00 5.774794249095642762e-01 5.776564399524459770e-01 1.542155701172392535e+00 1.579829656713185315e+01 1.580851855150734764e+01 1.580854639560560493e+01
1.784622831575769730e+00 6.412024999371254141e-01 6.413958179376449964e-01 1.713083473688349345e+00 1.579040787756873421e+01 1.580317584667683128e+01 1.580320443930340168e+01
1.792374383886431666e+00 7.047833967662274768e-01 7.049926731796876123e-01 1.883875465435048469e+00 1.578164759248907245e+01 1.579729364614787279e+01 1.579732307317859075e+01
1.800125936074618904e+00 7.682069259725968768e-01 7.684317338249212481e-01 2.054516820255750886e+00 1.577200367530430114e+01 1.579087882863401582e+01 1.579090917428071705e+01
1.807877488262805921e+00 8.314576021699812136e-01 8.316974459344284032e-01 2.224992352107836080e+00 1.576146309409450197e+01 1.578393893215001498e+01 1.578397027724345669e+01
1.815629040450993159e+00 8.945196215617731150e-01 8.947739467684547865e-01 2.395286507658672459e+00 1.575001186181031265e+01 1.577648215492880723e+01 1.577651457527763235e+01
1.823380592761654873e+00 9.573768444982156955e-01 9.576450448590075881e-01 2.565383347272470527e+00 1.573763507829319686e+01 1.576851735564531332e+01 1.576855092050949203e+01
1.831132144949842111e+00 1.020012771927344630e+00 1.020294194961666401e+00 2.735266511841736747e+00 1.572431697597083655e+01 1.576005405421328476e+01 1.576008882492660490e+01
1.838883697138029127e+00 1.082410532125976932e+00 1.082704483861656186e+00 2.904919218370016321e+00 1.571004096596649369e+01 1.575110243111614317e+01 1.575113845988195926e+01
1.846635249326216588e+00 1.144552858149852081e+00 1.144858607242899229e+00 3.074324230513997946e+00 1.569478968836538968e+01 1.574167332774616845e+01 1.574171065661761126e+01
1.854386801636878079e+00 1.206422072091666298e+00 1.206738853578664949e+00 3.243463847063330352e+00 1.567854506330667164e+01 1.573177824567593319e+01 1.573181690572182490e+01
1.862138353825065096e+00 1.268000064475216737e+00 1.268327083293313784e+00 3.412319876194128465e+00 1.566128834544421089e+01 1.572142934650181800e+01 1.572146935715144700e+01
1.869889906013252556e+00 1.329268284557186597e+00 1.329604718920133655e+00 3.580873638253609936e+00 1.564300017752750449e+01 1.571063944971652937e+01 1.571068081827189111e+01
1.877641458201439573e+00 1.390207722088222742e+00 1.390552726774407111e+00 3.749105943612821346e+00 1.562366064806575494e+01 1.569942203167576622e+01 1.569946475297733279e+01
1.885393010512101508e+00 1.450798896259257509e+00 1.451151605848513659e+00 3.916997088310970376e+00 1.560324934876963709e+01 1.568779122307763707e+01 1.568783527930946420e+01
1.893144562700288525e+00 1.511021840313607090e+00 1.511381372396850331e+00 4.084526835507593212e+00 1.558174543508935628e+01 1.567576180692234722e+01 1.567580716754285675e+01
1.900896114888475541e+00 1.570856097238948479e+00 1.571221555616316934e+00 4.251674425145888669e+00 1.555912768457027973e+01 1.566334921395061031e+01 1.566339583573732241e+01
1.908647667076663001e+00 1.630280707474217161e+00 1.630651185348829912e+00 4.418418558709007904e+00 1.553537455933416744e+01 1.565056951915768479e+01 1.565061734635521873e+01
1.916399219264850018e+00 1.689274203089702109e+00 1.689648786263296287e+00 4.584737398796316477e+00 1.551046426776335352e+01 1.563743943655866886e+01 1.563748840112146254e+01
1.924150771575511953e+00 1.747814603690605040e+00 1.748192373760899754e+00 4.750608570114663642e+00 1.548437482675250010e+01 1.562397631299301892e+01 1.562402633491570114e+01
1.931902323763698970e+00 1.805879409550394721e+00 1.806259447110617478e+00 4.916009148717348509e+00 1.545708412662649600e+01 1.561019812198468770e+01 1.561024910971408808e+01
1.939653875951886208e+00 1.863445605915463599e+00 1.863826993753543437e+00 5.080915678653842527e+00 1.542856999241620741e+01 1.559612345436059755e+01 1.559617530528474560e+01
1.947405428140073225e+00 1.920489660063630755e+00 1.920871486357822455e+00 5.245304163460945190e+00 1.539881024967766265e+01 1.558177150978743519e+01 1.558182411079738472e+01
1.955156980450734938e+00 1.976987525982428551e+00 1.977368887489489246e+00 5.409150074234921668e+00 1.536778278818676391e+01 1.556716208571743643e+01 1.556721531383830914e+01
1.962908532638922177e+00 2.032914645846896740e+00 2.033294651078887849e+00 5.572428342828626313e+00 1.533546562892355247e+01 1.555231556630224254e+01 1.555236928939036822e+01
1.970660084827109415e+00 2.088245962678367373e+00 2.088623735063353415e+00 5.735113381377765940e+00 1.530183698656963465e+01 1.553725290749027721e+01 1.553730698499337848e+01
1.978411637015296654e+00 2.142955926411283407e+00 2.143330607433759472e+00 5.897179076114979601e+00 1.526687533739027636e+01 1.552199562282318546e+01 1.552204990660046668e+01
1.986163189325958367e+00 2.197018507710799984e+00 2.197389260027612146e+00 6.058598796567323141e+00 1.523055948472693366e+01 1.550656576612997206e+01 1.550662010132910318e+01
1.993914741514145383e+00 2.250407209141980225e+00 2.250773219670462844e+00 6.219345388955153986e+00 1.519286862865165588e+01 1.549098591386204582e+01 1.549104013984971040e+01
2.001666293702332400e+00 2.303095087451860312e+00 2.303455570426495402e+00 6.379391194212091776e+00 1.515378243086907872e+01 1.547527914307508112e+01 1.547533309441762839e+01
2.009417845890519416e+00 2.355054769951396398e+00 2.355408969947065945e+00 6.538708039145208595e+00 1.511328108663924041e+01 1.545946900983624239e+01 1.545952251732666483e+01
2.017169398201181352e+00 2.406258478708051651e+00 2.406605673628959607e+00 6.697267240967923030e+00 1.507134539488052383e+01 1.544357952405838041e+01 1.544363241578568413e+01
2.024920950389368368e+00 2.456678052635975718e+00 2.457017556670610947e+00 6.855039594227481992e+00 1.502795683436347041e+01 1.542763512363659473e+01 1.542768722609337573e+01
2.032672502577555829e+00 2.506284980504690285e+00 2.506616147048158272e+00 7.011995379465753686e+00 1.498309763605438860e+01 1.541166064378991862e+01 1.541171178301356726e+01
2.040424054765742845e+00 2.555050428731811429e+00 2.555372653280898021e+00 7.168104342592438449e+00 1.493675086563201582e+01 1.539568128655256274e+01 1.539573128929570522e+01
2.048175607076404336e+00 2.602945276914689909e+00 2.603257999942067524e+00 7.323335683929319551e+00 1.488890050649228058e+01 1.537972258632925104e+01 1.537977128125470472e+01
2.055927159264591797e+00 2.649940151736708049e+00 2.650242861556110441e+00 7.477658025854113433e+00 1.483953155295727377e+01 1.536381037447131703e+01 1.536385759336725698e+01
2.063678711452778813e+00 2.696005471395571007e+00 2.696297707031074520e+00 7.631039396693337196e+00 1.478863010313798831e+01 1.534797073879332885e+01 1.534801631780457498e+01
2.071430263640966274e+00 2.741111485416668270e+00 2.741392839498690837e+00 7.783447179823438589e+00 1.473618346844711802e+01 1.533222998304080953e+01 1.533227376391304020e+01
2.079181815951627765e+00 2.785228321912266214e+00 2.785498443625642473e+00 7.934848064734493001e+00 1.468218028997096702e+01 1.531661458225912220e+01 1.531665641359436769e+01
2.086933368139814782e+00 2.828326033533129280e+00 2.828584631653977333e+00 8.085207967930372774e+00 1.462661067432457607e+01 1.530115113705146968e+01 1.530119087557576663e+01
2.094684920328002242e+00 2.870374653240403529e+00 2.870621499303926960e+00 8.234491958124253941e+00 1.456946633914404821e+01 1.528586632279257529e+01 1.528590383464037039e+01
2.102436472516189259e+00 2.911344245879480930e+00 2.911579177535908780e+00 8.382664133018302266e+00 1.451074079006684947e+01 1.527078683876929333e+01 1.527082200079666485e+01
2.110188024826851194e+00 2.951204966576794320e+00 2.951427891200798292e+00 8.529687479696912433e+00 1.445042952163466055e+01 1.525593935336311091e+01 1.525597205451312810e+01
2.117939577015038211e+00 2.989927117880098795e+00 2.990138016512512209e+00 8.675523682358722510e+00 1.438853026087862652e+01 1.524135044823433738e+01 1.524138059099857401e+01
2.125691129203225227e+00 3.027481215607230602e+00 3.027680147312207914e+00 8.820132904222878878e+00 1.432504324869554679e+01 1.522704655784225025e+01 1.522707405989847018e+01
2.133442681391412243e+00 3.063838050638681310e+00 3.064025157362307183e+00 8.963473483577526935e+00 1.425997159158972138e+01 1.521305390909791733e+01 1.521307870527340356e+01
2.141194233579599260e+00 3.098968755962720145e+00 3.099144267955409315e+00 9.105501560931902105e+00 1.419332168743285827e+01 1.519939845771790132e+01 1.519942050256248223e+01
2.148945785890260751e+00 3.132844875488935532e+00 3.133009117299857760e+00 9.246170601582996085e+00 1.412510375370247573e+01 1.518610582254083141e+01 1.518612509407504518e+01
2.156697338078447768e+00 3.165438431906484773e+00 3.165591828838931754e+00 9.385430770385170263e+00 1.405533249598902756e+01 1.517320121873019367e+01 1.517321772455801643e+01
2.164448890266634784e+00 3.196722001398827118e+00 3.196865086090455055e+00 9.523228148062818477e+00 1.398402794445499175e+01 1.516070938623918174e+01 1.516072317469403075e+01
2.172200442454821800e+00 3.226668784389811417e+00 3.226802202807459441e+00 9.659503684046331529e+00 1.391121654034001054e+01 1.514865451615307634e+01 1.514866569888271286e+01
2.179951994765483292e+00 3.255252680795963638e+00 3.255377196355000891e+00 9.794191836866284362e+00 1.383693253967130232e+01 1.513706016709070745e+01 1.513706896904982990e+01
2.187703546953670308e+00 3.282448363890797527e+00 3.282564857642383593e+00 9.927218756682435696e+00 1.376121986699045152e+01 1.512594916469753414e+01 1.512595603683754852e+01
2.195455099141857325e+00 3.308231360070942095e+00 3.308340824083435106e+00 1.005849987322710781e+01 1.368413457116261256e+01 1.511534349148671375e+01 1.511534930175399971e+01
2.203206651330044785e+00 3.332578125314618056e+00 3.332681645917971114e+00 1.018793659864273060e+01 1.360574815468353194e+01 1.510526432415027109e+01 1.510527033625821502e+01
2.210958203640706277e+00 3.355466124809609152e+00 3.355564852925806640e+00 1.031541181401439822e+01 1.352615212284088564e+01 1.509573224696871563e+01 1.509573953413008951e+01
2.218709755828893737e+00 3.376873909320212697e+00 3.376969017333624201e+00 1.044078356886410397e+01 1.344546431319110269e+01 1.508676705817456387e+01 1.508677617010894423e+01
2.226461308017080754e+00 3.396781191745497530e+00 3.396873820219190154e+00 1.056387619765864017e+01 1.336383781349255173e+01 1.507838744946075948e+01 1.507839858662334187e+01
2.234212860205267770e+00 3.415168914124813160e+00 3.415260115776730832e+00 1.068446753848018993e+01 1.328147376780859190e+01 1.507061094078435737e+01 1.507062413236676512e+01
2.241964412515929705e+00 3.432019309340835989e+00 3.432109999747593232e+00 1.080227030015675105e+01 1.319864003647912654e+01 1.506345386544344578e+01 1.506346905384626567e+01
2.249715964704116722e+00 3.447315954058495002e+00 3.447406877037253015e+00 1.091690443458420923e+01 1.311569884537378883e+01 1.505693133578220788e+01 1.505694841359000158e+01
2.257467516892303738e+00 3.461043818941831329e+00 3.461135530194038967e+00 1.102785564121432493e+01 1.303314830639100919e+01 1.505105719716898705e+01 1.505107602458126337e+01
2.265219069080490755e+00 3.473189312781291171e+00 3.473282180598633584e+00 1.113441238973299896e+01 1.295168541212557756e+01 1.504584398125098588e+01 1.504586439527998820e+01
2.272970621391152246e+00 3.483740325858384779e+00 3.483834544630240782e+00 1.123557039965199245e+01 1.287230157471588399e+01 1.504130286048968301e+01 1.504132468045494875e+01
2.280722173579339707e+00 3.492686269949891731e+00 3.492781881438078884e+00 1.132989065260133010e+01 1.279642462770570432e+01 1.503744360676249769e+01 1.503746663801075023e+01
2.288473725767526723e+00 3.500018116923959699e+00 3.500115035084303106e+00 1.141530175717802642e+01 1.272611647667286583e+01 1.503427455373491561e+01 1.503429859046517336e+01
2.296225277955714184e+00 3.505728431571465631e+00 3.505826468102569038e+00 1.148887093645809010e+01 1.266430212163650282e+01 1.503180256497793366e+01 1.503182739259916545e+01
2.303976830266375675e+00 3.509811400350587807e+00 3.509910289464806876e+00 1.154667658023536525e+01 1.261489711457871721e+01 1.503003300708338408e+01 1.503005840432278362e+01
2.311728382454563135e+00 3.512262853941396923e+00 3.512362275815003709e+00 1.158412802800692987e+01 1.258248778320136019e+01 1.502896972865575975e+01 1.502899546953351617e+01
2.319479934642750152e+00 3.513080284203327075e+00 3.513179887168079940e+00 1.159717045773881949e+01 1.257112634811367613e+01 1.502861504492067724e+01 1.502864090065481228e+01
