0.000000000000000000e+00 0.000000000000000000e+00 0.000000000000000000e+00 0.000000000000000000e+00 1.533161084641402283e+01 1.533187532989341939e+01 1.533193916800741619e+01
1.178511661952620117e-02 1.353837113625360744e-01 1.597297536296038434e-01 2.606332689550429071e-01 1.533025005572592292e+01 1.533037804032626994e+01 1.533125527301263347e+01
2.357023338047380123e-02 2.840115714465720198e-01 3.081058786802009508e-01 5.207974419922406506e-01 1.532541916962478012e+01 1.532565035260829411e+01 1.533017592185237987e+01
3.535535000000000067e-02 4.322410140112246668e-01 4.560163500093308286e-01 7.807205020663463557e-01 1.531739554530927272e+01 1.531773465824146463e+01 1.532834613298350845e+01
4.714046661952620010e-02 5.801667823533505075e-01 6.035132098979832938e-01 1.040196179003675336e+00 1.530617606609389370e+01 1.530662394190963127e+01 1.532571984063295290e+01
5.892558338047380190e-02 7.277163005670662654e-01 7.505231317335222530e-01 1.299062313897956455e+00 1.529175597024641675e+01 1.529231211985596772e+01 1.532223443470023483e+01
7.071070000000000133e-02 8.747848532035651381e-01 8.969461235049452918e-01 1.557166392784142595e+00 1.527413175078655883e+01 1.527479468726529888e+01 1.531781224936359287e+01
8.249581661952620770e-02 1.021252500278396758e+00 1.042669026002208232e+00 1.814361205863806115e+00 1.525330346503622003e+01 1.525407063394423268e+01 1.531236254671447661e+01
9.428093338047380256e-02 1.166987269327303123e+00 1.187567958269250434e+00 2.070504179097171438e+00 1.522927723158527868e+01 1.523014484602005503e+01 1.530578382152320671e+01
1.060660500000000089e-01 1.311845493008641839e+00 1.331508353368636932e+00 2.325457493434503586e+00 1.520206795178632753e+01 1.520303081542142642e+01 1.529796635123262760e+01
1.178511666195262153e-01 1.455671433843908957e+00 1.474344382415438748e+00 2.579088434427645904e+00 1.517170219514705920e+01 1.517275354812020005e+01 1.528879491307710303e+01
1.296362833804738102e-01 1.598296752019016331e+00 1.615918247670944163e+00 2.831269754984998777e+00 1.513822117298838776e+01 1.513935257938400802e+01 1.527815158947681873e+01
1.414214000000000027e-01 1.739540042943935827e+00 1.756059551956958176e+00 3.081880023584566253e+00 1.510168370817463135e+01 1.510288499620538794e+01 1.526591858008541358e+01
1.532065166195262229e-01 1.879206556947601525e+00 1.894584852133713193e+00 3.330803962324953904e+00 1.506216910102385853e+01 1.506342836227312709e+01 1.525198093913650865e+01
1.649916333804738178e-01 2.017088128387027890e+00 2.031297424311638622e+00 3.577932710161540797e+00 1.501977980083282560e+01 1.502108345149919977e+01 1.523622916434779029e+01
1.767767500000000103e-01 2.152963373414122028e+00 2.165987301737403836e+00 3.823164034205797535e+00 1.497464378202972135e+01 1.497597668653414438e+01 1.521856156667640647e+01
1.885618666195262028e-01 2.286598208412166322e+00 2.298431639661274506e+00 4.066402513172178601e+00 1.492691652288021231e+01 1.492826217818177348e+01 1.519888635663872911e+01
2.003469833804737976e-01 2.417746694122246520e+00 2.428395415214323450e+00 4.307559638914049138e+00 1.487678250251376788e+01 1.487812327990219785e+01 1.517712339791358467e+01
2.121321000000000179e-01 2.546152253842213220e+00 2.555632513650829996e+00 4.546553863532359685e+00 1.482445612409685509e+01 1.482577356404974545e+01 1.515320558509861293e+01
2.239172166195262104e-01 2.671549309519551496e+00 2.679887248428388880e+00 4.783310618397764280e+00 1.477018197684687983e+01 1.477145713172520125e+01 1.512707981232480314e+01
2.357023333804738052e-01 2.793665333227216330e+00 2.800896318198310198e+00 5.017762254171453939e+00 1.471423437584811289e+01 1.471544819489116662e+01 1.509870751910399811e+01
2.474874499999999977e-01 2.912223347399750750e+00 2.918391242854608603e+00 5.249847929873143748e+00 1.465691611455905807e+01 1.465804986619537686e+01 1.506806480562055484e+01
2.592725666195262457e-01 3.026944891866988563e+00 3.032101314071744547e+00 5.479513477208761252e+00 1.459855637745732615e+01 1.459959210633373594e+01 1.503514211991417149e+01
2.710576833804738128e-01 3.137553414045157751e+00 3.141757056514046909e+00 5.706711191023989826e+00 1.453950779536574700e+01 1.454042881844199542e+01 1.499994354088274484e+01
2.828428000000000053e-01 3.243778032268565870e+00 3.247094251705386458e+00 5.931399573365959910e+00 1.448014262435810551e+01 1.448093408991285713e+01 1.496248568343611041e+01
2.946279166195262533e-01 3.345357497597868601e+00 3.347858654571485015e+00 6.153543056532440936e+00 1.442084803488728539e+01 1.442149762790869794e+01 1.492279626015644922e+01
3.064130333804738204e-01 3.442043728984836015e+00 3.443811865136640282e+00 6.373111657540794006e+00 1.436202047098121604e+01 1.436251956232559834e+01 1.488091235461522643e+01
3.181981500000000129e-01 3.533602426096281945e+00 3.534740706266450871e+00 6.590080590844780595e+00 1.430405867362022931e+01 1.430440518613785095e+01 1.483687845803273753e+01
3.299832666195262054e-01 3.619798109740939740e+00 3.620482543246866580e+00 6.804429864117619076e+00 1.424735245091356717e+01 1.424756278872758308e+01 1.479074432477261603e+01
3.417683833804738280e-01 3.700358439451826964e+00 3.700971358136226019e+00 7.016143811772737493e+00 1.419225379218992167e+01 1.419241833724468549e+01 1.474256272032036996e+01
3.535535000000000205e-01 3.775169092660400239e+00 3.776052962504830912e+00 7.225210593202962883e+00 1.413910699173024277e+01 1.413937072559092201e+01 1.469238712449103446e+01
3.653386166195262685e-01 3.844274650881100985e+00 3.845493512172760475e+00 7.431621681069822571e+00 1.408830801020920198e+01 1.408871781289703762e+01 1.464026945097839416e+01
3.771237333804738356e-01 3.907670375778132588e+00 3.909195967906890168e+00 7.635371297852437067e+00 1.404019328312998738e+01 1.404075357291348247e+01 1.458625785878606074e+01
3.889088500000000281e-01 3.965362476511016698e+00 3.967146474324952266e+00 7.836455829098442294e+00 1.399504554512443733e+01 1.399574930060557953e+01 1.453039471232567159e+01
4.006939666195262206e-01 4.017398277555177089e+00 4.019388833602136835e+00 8.034873240568863650e+00 1.395310065768647867e+01 1.395393539921905202e+01 1.447271473983761148e+01
4.124790833804738432e-01 4.063873077616163343e+00 4.066019887144859624e+00 8.230622462308689435e+00 1.391454506255941048e+01 1.391549462412621097e+01 1.441324345074441915e+01
4.242642000000000357e-01 4.104931443573549998e+00 4.107187799998879285e+00 8.423702770599430067e+00 1.387951280217656524e+01 1.388055823088638618e+01 1.435199584704870901e+01
4.360493166195262282e-01 4.140766121329652272e+00 4.143089916553310381e+00 8.614113197632786267e+00 1.384808358811622853e+01 1.384920383303159497e+01 1.428897545271349045e+01
4.478344333804737953e-01 4.171615237432168222e+00 4.173969481555198868e+00 8.801851937165558581e+00 1.382028225405315780e+01 1.382145481114952545e+01 1.422417369432772993e+01
4.596195500000000433e-01 4.197758054685372109e+00 4.200111120044063284e+00 8.986915779554975003e+00 1.379607965825885962e+01 1.379728121440462019e+01 1.415756963673826974e+01
4.714046666195261803e-01 4.219509491799422918e+00 4.221835167822934665e+00 9.169299608063207430e+00 1.377539498827687758e+01 1.377660206871540538e+01 1.408913006492183939e+01
4.831897833804738585e-01 4.237213639830625489e+00 4.239491041984964070e+00 9.348995928744901818e+00 1.375809934900834897e+01 1.375928895996154822e+01 1.401880991435013257e+01
4.949748999999999954e-01 4.251236560802566622e+00 4.253449919463982987e+00 9.525994467985080760e+00 1.374402044548329549e+01 1.374517070074773706e+01 1.394655302207092262e+01
5.067600166195261879e-01 4.261958680499531305e+00 4.264097027900645820e+00 9.700281869255915623e+00 1.373294813170600293e+01 1.373403885541614322e+01 1.387229316228506981e+01
5.185451333804738105e-01 4.269767094443971622e+00 4.271823864156543138e+00 9.871841462547958912e+00 1.372464056563518042e+01 1.372565387604917397e+01 1.379595536666645650e+01
5.303302500000000030e-01 4.275048103061561022e+00 4.277020654722121229e+00 1.004065313781233293e+01 1.371744899247613247e+01 1.371883678057531064e+01 1.371975402224402352e+01
5.421153666195263066e-01 4.278180259649170480e+00 4.280069341268795569e+00 1.020669334985724319e+01 1.363671042433041336e+01 1.371523382057101870e+01 1.371605050241870316e+01
5.539004833804738182e-01 4.279528166877952344e+00 4.281337328286006993e+00 1.036993522526058165e+01 1.355362405386549263e+01 1.371355148461253037e+01 1.371425669647532963e+01
5.656856000000000106e-01 4.279437202053289369e+00 4.281172176015074271e+00 1.053034879572395965e+01 1.346810370453834516e+01 1.371348098250142655e+01 1.371407257567490667e+01
5.774707166195262031e-01 4.278229284059494653e+00 4.279897356274429576e+00 1.068790137701224729e+01 1.338005528180907611e+01 1.371471881780969682e+01 1.371520189004163193e+01
5.892558333804738258e-01 4.276199728292385593e+00 4.277809122841015999e+00 1.084255805723375410e+01 1.328938616907271353e+01 1.371696585777046984e+01 1.371735641744653833e+01
6.010409500000000182e-01 4.273615173340359341e+00 4.275174484159411925e+00 1.099428230836027076e+01 1.319600693224745136e+01 1.371993142240831531e+01 1.372026170325060868e+01
6.128260666195262107e-01 4.270712506610102821e+00 4.272230205873377429e+00 1.114303672867362494e+01 1.309983285807064668e+01 1.372334047933006040e+01 1.372365857299951308e+01
6.246111833804738334e-01 4.267698671603874949e+00 4.269182720868303527e+00 1.128878387057657129e+01 1.300078533189490848e+01 1.372694607895206964e+01 1.372729825854392693e+01
6.363963000000000259e-01 4.264751204459546585e+00 4.266208784365120188e+00 1.143148715501108725e+01 1.289879302092619362e+01 1.373053265366381481e+01 1.373094554928908906e+01
6.481814166195262183e-01 4.262019323623005285e+00 4.263456685220316622e+00 1.157111186645027345e+01 1.279379283276506740e+01 1.373390935333018348e+01 1.373439086214677474e+01
6.599665333804738410e-01 4.259625384875087128e+00 4.261047813691769548e+00 1.170762616891233954e+01 1.268573066265190441e+01 1.373690906118914867e+01 1.373745566643905391e+01
6.717516500000000335e-01 4.257666510669438686e+00 4.259078386174831365e+00 1.184100211326873797e+01 1.257456193402521016e+01 1.373939133688126013e+01 1.373999310673545970e+01
6.835367666195262260e-01 4.256216211143195594e+00 4.257621140432120477e+00 1.197121651641876561e+01 1.246025202600862869e+01 1.374124495690565517e+01 1.374188824127798547e+01
6.953218833804738486e-01 4.255325833050303430e+00 4.256726837703503463e+00 1.209825070057188334e+01 1.234277757094630878e+01 1.374238952997814955e+01 1.374305849655997491e+01
7.071070000000000411e-01 4.255025698891773622e+00 4.256425436458704858e+00 1.222074330289749966e+01 1.222347439892005383e+01 1.374277647127906476e+01 1.374345412149824242e+01
7.154403359787412375e-01 4.256239817117043245e+00 4.259503674504653503e+00 1.221843963789138066e+01 1.222125465363243357e+01 1.374294761692821609e+01 1.374444874243434889e+01
7.237736717574824175e-01 4.258365920504015634e+00 4.270214580276899596e+00 1.221143111912783574e+01 1.221473203261978924e+01 1.374274743758258488e+01 1.374812226144448246e+01
7.321070077362237249e-01 4.261719282554833121e+00 4.288123632926168050e+00 1.219959220978739900e+01 1.220414747176897308e+01 1.374233090359487974e+01 1.375424967555978384e+01
7.404403437149650324e-01 4.266349476668316321e+00 4.312985550324082595e+00 1.218299901801980312e+01 1.218961125532203482e+01 1.374174431766506110e+01 1.376267381783510935e+01
7.487736794937062124e-01 4.272227104307845913e+00 4.344561911331159543e+00 1.216185800385047955e+01 1.217116636520115058e+01 1.374100197065836859e+01 1.377323652071458504e+01
7.571070154724475199e-01 4.279304206398464316e+00 4.382566449871758252e+00 1.213640265306593058e+01 1.214888235028278096e+01 1.374011651734330464e+01 1.378575752136167942e+01
7.654403514511887163e-01 4.287521010141671418e+00 4.426665020704107611e+00 1.210687334095315038e+01 1.212286566106715924e+01 1.373910209178018782e+01 1.380004093213224969e+01
7.737736872299298962e-01 4.296807776682499913e+00 4.476481122118538991e+00 1.207351452284475535e+01 1.209325326663148559e+01 1.373797483789163465e+01 1.381588363516399909e+01
7.821070232086710927e-01 4.307085864084449156e+00 4.531602494597510855e+00 1.203657098989040719e+01 1.206020848177178273e+01 1.373675297759350222e+01 1.383308281646277216e+01
7.904403591874124002e-01 4.318268643039997912e+00 4.591587810820719540e+00 1.199628353673746162e+01 1.202391900561040572e+01 1.373545675443251035e+01 1.385144196765613245e+01
7.987736949661535801e-01 4.330262403202636889e+00 4.655973066753138490e+00 1.195288522179131974e+01 1.198459601314510792e+01 1.373410832968294848e+01 1.387077523453754324e+01
8.071070309448948876e-01 4.342967276223165030e+00 4.724277424204290199e+00 1.190659867087394197e+01 1.194247371336381569e+01 1.373273165400853024e+01 1.389091022967823896e+01
8.154403669236360841e-01 4.356278172036201823e+00 4.796008342788588230e+00 1.185763444747677475e+01 1.189780911820063203e+01 1.373135232346243662e+01 1.391168954459680762e+01
8.237737027023773750e-01 4.370085724974385855e+00 4.870665957276512081e+00 1.180619030407114778e+01 1.185088187874032073e+01 1.372999742316448213e+01 1.393297125039699935e+01
8.321070386811185715e-01 4.384277236556060942e+00 4.947746676731852311e+00 1.175245110578665297e+01 1.180199412536979686e+01 1.372869536130322210e+01 1.395462865421189136e+01
8.404403746598598790e-01 4.398737600673752191e+00 5.026746025077434510e+00 1.169658923201763656e+01 1.175147027334249472e+01 1.372747569552588942e+01 1.397654954214159417e+01
8.487737104386011699e-01 4.413350207049809626e+00 5.107160831904702825e+00 1.163876526029899061e+01 1.169965672758173625e+01 1.372636895266160018e+01 1.399863510820104473e+01
8.571070464173423664e-01 4.427997811187130317e+00 5.188490864405139291e+00 1.157912880859673876e+01 1.164692144652168260e+01 1.372540644357451711e+01 1.402079870995962985e+01
8.654403823960836739e-01 4.442563359950355562e+00 5.270240010207095871e+00 1.151781945247662620e+01 1.159365331962810863e+01 1.372462007477278512e+01 1.404296455138924138e+01
8.737737181748248538e-01 4.456930772992911294e+00 5.351917190830594251e+00 1.145496762513539935e+01 1.154026126820433973e+01 1.372404215770532865e+01 1.406506637560211459e+01
8.821070541535661613e-01 4.470985672055779681e+00 5.433037145683198510e+00 1.139069546807781741e+01 1.148717300075440839e+01 1.372370521749958705e+01 1.408704621090327258e+01
8.904403901323074688e-01 4.484616051597111408e+00 5.513121234567478268e+00 1.132511762016764933e+01 1.143483334291332199e+01 1.372364180257953592e+01 1.410885319519974423e+01
8.987737259110486487e-01 4.497712894701616726e+00 5.591698465074584234e+00 1.125834190344644092e+01 1.138370201574880092e+01 1.372388429629254603e+01 1.413044250510081667e+01
9.071070618897899562e-01 4.510170729670688772e+00 5.668306897549340029e+00 1.119046991308759331e+01 1.133425076370401108e+01 1.372446473218125362e+01 1.415177439264423143e+01
9.154403978685312637e-01 4.521888124326111758e+00 5.742495574610881448e+00 1.112159752738330631e+01 1.128695973135408970e+01 1.372541461402426677e+01 1.417281332695276319e+01
9.237737336472724436e-01 4.532768124119104236e+00 5.813827154284846976e+00 1.105181531377844628e+01 1.124231296577228001e+01 1.372676474200813068e+01 1.419352724828058143e+01
9.321070696260138622e-01 4.542718631826034859e+00 5.881881339740206549e+00 1.098120885213645614e+01 1.120079298247969035e+01 1.372854504638451623e+01 1.421388692548799249e+01
9.404404056047550586e-01 4.551652728382880930e+00 5.946259149971274915e+00 1.090985899922678826e+01 1.116287437631328849e+01 1.373078442925213594e+01 1.423386540724000326e+01
9.487737413834963496e-01 4.559488941480154267e+00 6.006588046155231453e+00 1.083784207280843326e+01 1.112901650078151583e+01 1.373351061607575829e+01 1.425343756990900523e+01
9.571070773622376571e-01 4.566151461181262583e+00 6.062527783698684836e+00 1.076522997820473471e+01 1.109965536348666504e+01 1.373675001784181759e+01 1.427257975133274037e+01
9.654404133409788535e-01 4.571570303774404209e+00 6.113776753299793754e+00 1.069209030097355395e+01 1.107519498954686910e+01 1.374052760384810590e+01 1.429126946028407907e+01
9.737737491197201445e-01 4.575681429752572527e+00 6.160078492787151916e+00 1.061848634151862036e+01 1.105599860193819062e+01 1.374486678701051012e+01 1.430948516416633787e+01
9.821070850984613410e-01 4.578426816099572250e+00 6.201227902106423606e+00 1.054447711324574932e+01 1.104238009910769769e+01 1.374978932197956105e+01 1.432720614472971299e+01
9.904404210772027595e-01 4.579754485225570271e+00 6.237076626756343778e+00 1.047011732616605428e+01 1.103459637652989933e+01 1.375531521529923573e+01 1.434441241260977051e+01
9.987737568559438284e-01 4.579618494900349113e+00 6.267537081353468764e+00 1.039545732927899735e+01 1.103284105021458750e+01 1.376146264979749567e+01 1.436108468326048637e+01
1.007107092834685247e+00 4.577978890039981152e+00 6.292584600794322469e+00 1.032054303209119439e+01 1.103724010758045182e+01 1.376824792278273790e+01 1.437720440493234797e+01
1.015440428813426443e+00 4.574801619597046454e+00 6.312257338748064051e+00 1.024541582578163279e+01 1.104784987855912171e+01 1.377568539643939083e+01 1.439275383036437184e+01
1.023773764592167623e+00 4.570058420906971008e+00 6.326653736842192011e+00 1.017011247553428710e+01 1.106465753572422450e+01 1.378378746297914148e+01 1.440771613448313104e+01
1.032107100570908820e+00 4.563726673020161329e+00 6.335927589835792517e+00 1.009466500349517304e+01 1.108758411284973278e+01 1.379256452334400862e+01 1.442207556933599477e+01
1.040440436549650016e+00 4.555789223141803568e+00 6.340280968148143792e+00 1.001910058188147978e+01 1.111648979423639716e+01 1.380202497699981201e+01 1.443581764849363047e+01
1.048773772328391196e+00 4.546234186351125750e+00 6.339955457692920682e+00 9.943441406594111243e+00 1.115118104931914544e+01 1.381217522583116697e+01 1.444892936254714577e+01
1.057107108307132615e+00 4.535054720920083327e+00 6.335222293768445923e+00 9.867704570225033223e+00 1.119141905031868589e+01 1.382301969015456855e+01 1.446139941726577227e+01
1.065440444285873811e+00 4.522248784284331968e+00 6.326372025039324498e+00 9.791901953392681435e+00 1.123692874871743719e+01 1.383456083357852151e+01 1.447321848700715918e+01
1.073773780064614991e+00 4.507818867635625004e+00 6.313704315451511562e+00 9.716040104117494636e+00 1.128740803586767782e+01 1.384679920028657030e+01 1.448437948409117482e+01
1.082107116043356188e+00 4.491771712396904981e+00 6.297518404131580816e+00 9.640120123862839563e+00 1.134253647705147117e+01 1.385973346203431689e+01 1.449487783594071288e+01
1.090440452022097384e+00 4.474118014642788133e+00 6.278104626757646578e+00 9.564137578932193406e+00 1.140198322008912690e+01 1.387336047087656077e+01 1.450471176286241892e+01
1.098773787800838564e+00 4.454872113298812941e+00 6.255737253875770953e+00 9.488082406698554294e+00 1.146541384932407404e+01 1.388767532188910891e+01 1.451388255617238343e+01
1.107107123779579760e+00 4.434051666450101514e+00 6.230668777048585127e+00 9.411938835274586523e+00 1.153249605252331200e+01 1.390267142254868737e+01 1.452239484873824793e+01
1.115440459758321179e+00 4.411677322883002184e+00 6.203125667893035100e+00 9.335685335373009153e+00 1.160290406781855133e+01 1.391834056420898946e+01 1.453025687112867459e+01
1.123773795537062359e+00 4.387772382660553028e+00 6.173305533623394403e+00 9.259294573843348530e+00 1.167632200184474023e+01 1.393467300074895476e+01 1.453748069213620120e+01
1.132107131515803555e+00 4.362362452200379437e+00 6.141375548062656620e+00 9.182733387646841550e+00 1.175244612396267740e+01 1.395165753055437641e+01 1.454408243616653174e+01
1.140440467494544752e+00 4.335475102035955430e+00 6.107472007699821681e+00 9.105962797286762722e+00 1.183098626472645876e+01 1.396928157684622462e+01 1.455008247116056808e+01
1.148773803273285932e+00 4.307139519129555616e+00 6.071700827339768125e+00 9.028938029221901473e+00 1.191166650617275202e+01 1.398753127234935079e+01 1.455550556512959481e+01
1.157107139252027128e+00 4.277386160332966369e+00 6.034138807999075205e+00 8.951608566207113427e+00 1.199422530139075960e+01 1.400639154409398124e+01 1.456038100452556705e+01
1.165440475230768325e+00 4.246246416161684856e+00 5.994835522150933294e+00 8.873918244886461082e+00 1.207841514427278362e+01 1.402584619309204683e+01 1.456474266890250391e+01
1.173773811009509505e+00 4.213752274885604443e+00 5.953815651515687257e+00 8.795805369940717711e+00 1.216400194702365667e+01 1.404587797587342024e+01 1.456862905976628575e+01
1.182107146988250923e+00 4.179935994562028689e+00 5.911081651728591346e+00 8.717202863715236560e+00 1.225076421276184568e+01 1.406646868343075063e+01 1.457208327807130388e+01
1.190440482966992120e+00 4.144829793016041819e+00 5.866616638674765127e+00 8.638038470748096387e+00 1.233849206922755926e+01 1.408759921217958500e+01 1.457515294613416401e+01
1.198773818745733299e+00 4.108465543921318464e+00 5.820387380599076010e+00 8.558234985627388269e+00 1.242698626895732517e+01 1.410924963494104389e+01 1.457789007247763813e+01
1.207107154724474496e+00 4.070874487456396018e+00 5.772347321372081730e+00 8.477710522597270426e+00 1.251605719112967918e+01 1.413139926735487428e+01 1.458035085603275149e+01
1.215440490703215692e+00 4.032086966168523468e+00 5.722439577444828451e+00 8.396378845917240596e+00 1.260552386564616079e+01 1.415402672430028197e+01 1.458259542751709326e+01
1.223773826481956872e+00 3.992132172308571203e+00 5.670599832784342098e+00 8.314149727507464505e+00 1.269521308708865703e+01 1.417710997533666628e+01 1.458468752818563985e+01
1.232107162460698069e+00 3.951037915714455284e+00 5.616759096195519163e+00 8.230929349058939692e+00 1.278495862001451400e+01 1.420062639450236830e+01 1.458669412522566411e+01
1.240440498439439487e+00 3.908830423246664854e+00 5.560846298522533537e+00 8.146620766486654119e+00 1.287460048905602150e+01 1.422455279909054049e+01 1.458868496447923135e+01
1.248773834218180667e+00 3.865534154066029515e+00 5.502790681304779774e+00 8.061124400130488254e+00 1.296398439979761541e+01 1.424886548735176639e+01 1.459073206351266627e+01
1.257107170196921864e+00 3.821171640154501503e+00 5.442523968475346585e+00 7.974338565889608432e+00 1.305296127343513213e+01 1.427354027042881057e+01 1.459290914790997640e+01
1.265440506175663060e+00 3.775763363194483357e+00 5.379982322852121968e+00 7.886160063420321720e+00 1.314138687464854272e+01 1.429855249321818000e+01 1.459529103492847568e+01
1.273773841954404240e+00 3.729327650021021512e+00 5.315108056137794357e+00 7.796484780607326748e+00 1.322912156710433962e+01 1.432387705493157171e+01 1.459795297118808577e+01
1.282107177933145437e+00 3.681880596112327986e+00 5.247851102346895225e+00 7.705208327144453584e+00 1.331603017044420945e+01 1.434948842463197849e+01 1.460096993110436436e+01
1.290440513911886633e+00 3.633436028124723993e+00 5.178170272567698795e+00 7.612226711519944011e+00 1.340198189184740940e+01 1.437536064651193790e+01 1.460441588357993403e+01
1.298773849690627813e+00 3.584005485537586910e+00 5.106034269060453212e+00 7.517437016005694694e+00 1.348685036061726983e+01 1.440146734634864423e+01 1.460836303732679120e+01
1.307107185669369231e+00 3.533598230745224722e+00 5.031422480075761428e+00 7.420738080626829714e+00 1.357051373596363852e+01 1.442778173433858413e+01 1.461288107463930075e+01
1.315440521648110428e+00 3.482221298366563911e+00 4.954325583023473811e+00 7.322031209415515995e+00 1.365285485929028475e+01 1.445427659908825113e+01 1.461803638342755107e+01
1.323773857426851608e+00 3.429879561679308964e+00 4.874745937091793380e+00 7.221220849519632168e+00 1.373376147660100521e+01 1.448092430459061397e+01 1.462389130061116838e+01
1.332107193405592804e+00 3.376575825311486589e+00 4.792697792834871073e+00 7.118215253814493160e+00 1.381312650089377492e+01 1.450769678508595995e+01 1.463050337813368351e+01
1.340440529384334001e+00 3.322310954725388843e+00 4.708207351134923613e+00 7.012927141151074295e+00 1.389084828691370177e+01 1.453456553209694135e+01 1.463792468200982277e+01
1.348773865163075181e+00 3.267084018325621564e+00 4.621312651267435179e+00 6.905274302266519726e+00 1.396683094278025017e+01 1.456150158446370924e+01 1.464620113942606672e+01
1.357107201141816377e+00 3.210892451182717711e+00 4.532063317993173968e+00 6.795180163943560281e+00 1.404098465016137709e+01 1.458847551238492102e+01 1.465537194753244421e+01
1.365440537120557796e+00 3.153732250805545867e+00 4.440520201513988852e+00 6.682574328684780518e+00 1.411322596812241414e+01 1.461545737685400503e+01 1.466546906469562650e+01
1.373773872899298976e+00 3.095598178901409092e+00 4.346754886000588236e+00 6.567393037155243363e+00 1.418347814485914249e+01 1.464241661869972155e+01 1.467651685429171238e+01
1.382107208878040172e+00 3.036483978161241382e+00 4.250849096878461353e+00 6.449579570133920470e+00 1.425167141195970366e+01 1.466932148441578754e+01 1.468853227444611242e+01
1.390440544856781369e+00 2.976382614653580561e+00 4.152894040317234747e+00 6.329084612298422563e+00 1.431774323991182207e+01 1.469613009057701802e+01 1.470153350935436443e+01
1.398773880635522548e+00 2.915286518120319581e+00 4.052989645595918233e+00 6.205866525525561173e+00 1.438163857887400887e+01 1.471545755034138558e+01 1.472287263959752757e+01
1.407107216614263745e+00 2.853187829541414811e+00 3.951243739953766543e+00 6.079891553913595814e+00 1.444331006280675744e+01 1.473038833827533800e+01 1.474942317026285998e+01
1.415440552593004941e+00 2.790078667010835733e+00 3.847771188343062310e+00 5.951133988697792532e+00 1.450271815947802168e+01 1.474625601902980243e+01 1.477580028315838945e+01
1.423773888371746121e+00 2.725951380851536321e+00 3.742692963923583971e+00 5.819576241222084612e+00 1.455983128986100361e+01 1.476303894988780563e+01 1.480196522013436500e+01
1.432107224350487540e+00 2.660798807974956937e+00 3.636135178367274179e+00 5.685208851617404413e+00 1.461462589846615323e+01 1.478070181029542773e+01 1.482788393397373916e+01
1.440440560329228736e+00 2.594614537302271096e+00 3.528228103475323785e+00 5.548030466658564919e+00 1.466708646062645371e+01 1.479920037892775042e+01 1.485352257327321190e+01
1.448773896107969916e+00 2.527393156062698765e+00 3.419105146075823054e+00 5.408047734374000548e+00 1.471720544886997928e+01 1.481848225829035925e+01 1.487884711566674767e+01
1.457107232086711113e+00 2.459130487897313699e+00 3.308901805221216463e+00 5.265275147377875165e+00 1.476498324168133536e+01 1.483848735300282939e+01 1.490382333017973160e+01
1.465440568065452531e+00 2.389823835619512948e+00 3.197754642770740841e+00 5.119734872226991307e+00 1.481042795718881067e+01 1.485914836031878217e+01 1.492841680069664001e+01
1.473773903844193711e+00 2.319472197527856938e+00 3.085800226778594002e+00 4.971456510166872178e+00 1.485355518771400618e+01 1.488039136280384866e+01 1.495259297816206079e+01
1.482107239822934908e+00 2.248076469333424310e+00 2.973174077301751428e+00 4.820476823972171587e+00 1.489438677895987340e+01 1.490213736629346286e+01 1.497631724567964717e+01
1.490440575801676326e+00 2.175639645751373141e+00 2.860009645899688646e+00 4.666839470326677564e+00 1.492429328903013008e+01 1.493296013005398670e+01 1.499955498929440267e+01
1.498773911580417506e+00 2.102166989843865519e+00 2.746437287098438595e+00 4.510594679417017083e+00 1.494678028694911731e+01 1.496930014923441554e+01 1.502227168633910992e+01
1.507107247559158703e+00 2.027666183421417134e+00 2.632583252601652823e+00 4.351798917788253895e+00 1.496949692885890570e+01 1.500345632418998143e+01 1.504443301210528361e+01
1.515440583537900121e+00 1.952147473797674948e+00 2.518568740224725655e+00 4.190514574716051932e+00 1.499234581402968658e+01 1.503547627849139090e+01 1.506600497910597980e+01
1.523773919316641301e+00 1.875623784201206679e+00 2.404508955907558310e+00 4.026809609195827200e+00 1.501522600810006836e+01 1.506541339596861562e+01 1.508695418175128644e+01
1.532107255295382719e+00 1.798110802384872864e+00 2.290512221079234578e+00 3.860757194083077160e+00 1.503803443964820730e+01 1.509332509106301856e+01 1.510724840318301787e+01
1.540440591274123916e+00 1.719627063880961870e+00 2.176679158306122019e+00 3.692435397699998845e+00 1.506066667537808001e+01 1.511926968784002945e+01 1.512685918608624469e+01
1.548773927052865096e+00 1.640193996332758752e+00 2.063101914488856270e+00 3.521926835245432930e+00 1.508301765157071372e+01 1.514327770578534427e+01 1.514579002146647468e+01
1.557107263031606514e+00 1.559835940478133898e+00 1.949863455279842173e+00 3.349318326718668359e+00 1.510498238837715235e+01 1.516372768407083349e+01 1.516569997840263895e+01
1.565440599010347933e+00 1.478580165053154261e+00 1.837036964443010012e+00 3.174700601495024532e+00 1.512645668352894113e+01 1.518112991622822427e+01 1.518611939327394289e+01
1.573773934789089113e+00 1.396456840781326036e+00 1.724685308622514901e+00 2.998167977477324442e+00 1.514733779243541534e+01 1.519766465447256643e+01 1.520491108089394672e+01
1.582107270767830531e+00 1.313498989358704128e+00 1.612860602111028330e+00 2.819818051764942712e+00 1.516752508630445107e+01 1.521334798785558462e+01 1.522210385718349990e+01
1.590440606746571728e+00 1.229742424355894981e+00 1.501603905799113070e+00 2.639751442868117692e+00 1.518692068091972480e+01 1.522815723866967907e+01 1.523776652772490969e+01
1.598773942525312908e+00 1.145225646235332517e+00 1.390945022349037163e+00 2.458071508636863189e+00 1.520543004232132311e+01 1.524206727887580115e+01 1.525197096103101657e+01
1.607107278504054104e+00 1.059989704601461691e+00 1.280902423681316682e+00 2.274884077288139128e+00 1.522296256196617570e+01 1.525505347129951339e+01 1.526478853845725325e+01
1.615440614482795523e+00 9.740780386878133967e-01 1.171483347859424873e+00 2.090297231636928821e+00 1.523943209562810885e+01 1.526709232844191533e+01 1.527628888889833547e+01
1.623773950261536703e+00 8.875362451706015898e-01 1.062684035379688030e+00 1.904421067746883578e+00 1.525475747219749501e+01 1.527816177111302309e+01 1.528653904404166397e+01
1.632107286240278121e+00 8.004117634339094067e-01 9.544901564872977362e-01 1.717367466118469244e+00 1.526886296620171812e+01 1.528824127741430061e+01 1.529560272222678385e+01
1.640440622219019318e+00 7.127534413439904348e-01 8.468775016371477005e-01 1.529249915946207405e+00 1.528167872994809606e+01 1.529731198922972091e+01 1.530353967617769939e+01
1.648773957997760498e+00 6.246108243306695007e-01 7.398129877075099170e-01 1.340183311950229328e+00 1.529314119081798573e+01 1.530535680123460729e+01 1.531040509443860387e+01
1.657107293976501694e+00 5.360329095731204418e-01 6.332562302948058219e-01 1.150283763984772500e+00 1.530319340884212309e+01 1.531236043565518656e+01 1.531624905287973881e+01
1.665440629955242891e+00 4.470656795947485773e-01 5.271622800950668264e-01 9.596684638537605894e-01 1.531178539230351454e+01 1.531830950166442129e+01 1.532111602015497276e+01
1.673773965733984070e+00 3.577463315627815166e-01 4.214871390512300864e-01 7.684555385883085066e-01 1.531887437678146746e+01 1.532319253528553382e+01 1.532504443135437988e+01
1.682107301712725489e+00 2.680871460198099854e-01 3.162017610652593236e-01 5.767639737245869869e-01 1.532442506792767567e+01 1.532699998101408667e+01 1.532806636456284188e+01
1.690440637691466685e+00 1.780175661061944581e-01 2.113390451898045364e-01 3.847138684873896430e-01 1.532840986433294717e+01 1.532972388985568557e+01 1.533020753109493484e+01
1.698773973470207865e+00 8.707888519420316220e-02 1.072158504952250985e-01 1.924289424763545309e-01 1.533080912698898679e+01 1.533135482071741684e+01 1.533149003571556612e+01
1.707107309448949062e+00 0.000000000000000000e+00 0.000000000000000000e+00 0.000000000000000000e+00 1.533161084641402283e+01 1.533187532989341939e+01 1.533193916800741619e+01
1.714858861637136078e+00 8.775564083908753144e-02 8.838940693277538840e-02 1.814955825226008401e-01 1.533108997160053377e+01 1.533134603605665092e+01 1.533145752713924459e+01
1.722610413825323539e+00 1.764436981505188018e-01 1.767643721251814237e-01 3.624771665257873754e-01 1.532948850885605729e+01 1.532972111911382385e+01 1.533009061204297474e+01
1.730361966135985030e+00 2.647010095488958048e-01 2.650602488144520041e-01 5.435309808780376395e-01 1.532678818100454343e+01 1.532700807801774090e+01 1.532785560855628759e+01
1.738113518324172491e+00 3.526799360937225014e-01 3.531626323949762503e-01 7.245562533230104352e-01 1.532300497023532948e+01 1.532321963279323818e+01 1.532473451555675403e+01
1.745865070512359507e+00 4.403654686805924534e-01 4.409839541138870778e-01 9.055170297750342323e-01 1.531815542165741384e+01 1.531836820216779316e+01 1.532071339412445710e+01
1.753616622700546746e+00 5.277010808458623137e-01 5.284546795122170293e-01 1.086387759733252745e+00 1.531225632379156743e+01 1.531246891325083048e+01 1.531577971971193541e+01
1.761368175011208459e+00 6.146217049099306218e-01 6.155071008196523197e-01 1.267145309190833569e+00 1.530532660607219952e+01 1.530554001952108578e+01 1.530992011739266445e+01
1.769119727199395475e+00 7.010600669319311251e-01 7.020732023322020510e-01 1.447766844096575412e+00 1.529738800048641423e+01 1.529760295937928305e+01 1.530311970141294253e+01
1.776871279387582714e+00 7.869481651001084543e-01 7.880846291332221920e-01 1.628229062075742695e+00 1.528846523586758899e+01 1.528868233941075161e+01 1.529536195912952934e+01
1.784622831575769730e+00 8.722177256891034958e-01 8.734728271292215851e-01 1.808507798388145682e+00 1.527858607191694240e+01 1.527880589338015049e+01 1.528662882475025597e+01
1.792374383886431666e+00 9.568003991725574364e-01 9.581691711072279904e-01 1.988577801904531484e+00 1.526778126466823515e+01 1.526800442603850527e+01 1.527690083397485310e+01
1.800125936074618904e+00 1.040627864971533478e+00 1.042105059562848490e+00 2.168412564069355231e+00 1.525608449273509493e+01 1.525631174593335260e+01 1.526615732753667487e+01
1.807877488262805921e+00 1.123631923547552924e+00 1.125212010683553920e+00 2.347984214968850569e+00 1.524353224514484850e+01 1.524376458468156059e+01 1.525437669402848506e+01
1.815629040450993159e+00 1.205744570284925432e+00 1.207421742641829665e+00 2.527263416515410199e+00 1.523016366235352237e+01 1.523040250541826524e+01 1.524153666391437234e+01
1.823380592761654873e+00 1.286898081598491395e+00 1.288666265844566672e+00 2.706219292449683511e+00 1.521602029386314570e+01 1.521626779651357531e+01 1.522761468340639546e+01
1.831132144949842111e+00 1.367025102031406814e+00 1.368877975329364283e+00 2.884819358446701898e+00 1.520114568998657845e+01 1.520140535140544458e+01 1.521258845292313566e+01
1.838883697138029127e+00 1.446058755364930004e+00 1.447989766383793953e+00 3.063029496310456512e+00 1.518558459361637247e+01 1.518586252918031754e+01 1.519643685522611598e+01
1.846635249326216588e+00 1.523932755611740131e+00 1.525935149384488598e+00 3.240813915099026055e+00 1.516938101146098106e+01 1.516968899857972808e+01 1.517914200068070940e+01
1.854386801636878079e+00 1.600581539358094663e+00 1.602648385483751881e+00 3.418135144096356992e+00 1.515257235732275909e+01 1.515293656184744897e+01 1.516069518631803703e+01
1.862138353825065096e+00 1.675940405143202971e+00 1.678064628923002788e+00 3.594954023666987020e+00 1.513516496154022839e+01 1.513565896999331351e+01 1.514112146855810082e+01
1.869889906013252556e+00 1.749945679654863362e+00 1.752120095838077596e+00 3.771229738660668573e+00 1.511697195871187560e+01 1.511791176336233100e+01 1.512064178746383369e+01
1.877641458201439573e+00 1.822534886648767616e+00 1.824752235482962170e+00 3.946919838131575542e+00 1.509671416380509612e+01 1.509975224511123315e+01 1.510057193858305702e+01
1.885393010512101508e+00 1.893646937819165821e+00 1.895899923135209830e+00 4.121980285923214637e+00 1.507376045847110291e+01 1.508123967983787317e+01 1.508158176287859398e+01
1.893144562700288525e+00 1.963222331278830612e+00 1.965503660334370739e+00 4.296365508390615595e+00 1.504917267449534712e+01 1.506243536843638609e+01 1.506264992569804662e+01
1.900896114888475541e+00 2.031203375071575223e+00 2.033505799876386355e+00 4.470028483124115937e+00 1.502320118371172697e+01 1.504340182522774683e+01 1.504356883308976656e+01
1.908647667076663001e+00 2.097534412381945934e+00 2.099850772200082982e+00 4.642920812860791280e+00 1.499588352037573635e+01 1.502420156314775390e+01 1.502434687235503219e+01
1.916399219264850018e+00 2.162162064215645607e+00 2.164485328924186103e+00 4.814992825524562647e+00 1.496722275071476993e+01 1.500489666796981858e+01 1.500503006715375065e+01
1.924150771575511953e+00 2.225035482307478496e+00 2.227358796258677831e+00 4.986193685812393639e+00 1.493721457268176778e+01 1.498554889393021661e+01 1.498567443737949212e+01
1.931902323763698970e+00 2.286106605750844345e+00 2.288423331754320778e+00 5.156471504147095430e+00 1.490585366282198265e+01 1.496621965719544534e+01 1.496633917790791379e+01
1.939653875951886208e+00 2.345330434141540632e+00 2.347634197147201895e+00 5.325773482703198169e+00 1.487313571704522985e+01 1.494696983186443973e+01 1.494708429105215508e+01
1.947405428140073225e+00 2.402665295019365654e+00 2.404950025047160711e+00 5.494046043483057140e+00 1.483905827670922228e+01 1.492785944989104685e+01 1.492796950515685239e+01
1.955156980450734938e+00 2.458073118803193235e+00 2.460333092627807527e+00 5.661234980682558593e+00 1.480362111848604378e+01 1.490894736548714938e+01 1.490905362723379035e+01
1.962908532638922177e+00 2.511519707094289178e+00 2.513749588158519899e+00 5.827285604180669765e+00 1.476682646200806204e+01 1.489029091527940452e+01 1.489039406296636869e+01
1.970660084827109415e+00 2.562975005243283810e+00 2.565169881231124549e+00 5.992142915266531311e+00 1.472867907747172467e+01 1.487194558001096745e+01 1.487204640355712648e+01
1.978411637015296654e+00 2.612413358283345755e+00 2.614568775755071517e+00 6.155751760495907554e+00 1.468918634215867947e+01 1.485396465783882292e+01 1.485406405020893850e+01
1.986163189325958367e+00 2.659813760610117761e+00 2.661925756061146675e+00 6.318057004530913012e+00 1.464835825424436422e+01 1.483639894570819351e+01 1.483649786013337391e+01
1.993914741514145383e+00 2.705160085979312790e+00 2.707225212659473801e+00 6.479003689259820398e+00 1.460620742000445027e+01 1.481929643228859383e+01 1.481939581645624138e+01
2.001666293702332400e+00 2.748441306115105398e+00 2.750456655906364567e+00 6.638537218674565921e+00 1.456274900928514171e+01 1.480270199848796864e+01 1.480280272023597554e+01
2.009417845890519416e+00 2.789651679199045553e+00 2.791614898844235526e+00 6.796603516499449604e+00 1.451800069561121376e+01 1.478665713360207157e+01 1.478675991277020607e+01
2.017169398201181352e+00 2.828790916475756312e+00 2.830700217431788346e+00 6.953149195693408835e+00 1.447198257333428906e+01 1.477119966765695658e+01 1.477130502481646523e+01
2.024920950389368368e+00 2.865864315232864001e+00 2.867718476442134623e+00 7.108121707578404447e+00 1.442471706259472519e+01 1.475636352938036922e+01 1.475647175585758752e+01
2.032672502577555829e+00 2.900882864791113569e+00 2.902681227688826304e+00 7.261469507989135153e+00 1.437622879309216195e+01 1.474217853178123505e+01 1.474228967979702354e+01
2.040424054765742845e+00 2.933863310095741195e+00 2.935605765266537048e+00 7.413142188516220976e+00 1.432654448400274916e+01 1.472867019464229976e+01 1.472878408337110478e+01
2.048175607076404336e+00 2.964828180051886974e+00 2.966515145065984793e+00 7.563090609626500260e+00 1.427569281149125935e+01 1.471585960289578843e+01 1.471597583575101709e+01
2.055927159264591797e+00 2.993805771673932803e+00 2.995438159843678338e+00 7.711267003531039776e+00 1.422370427653941327e+01 1.470376330529030362e+01 1.470388129471243843e+01
2.063678711452778813e+00 3.020830096119518693e+00 3.022409276185535898e+00 7.857625081256042421e+00 1.417061106433669870e+01 1.469239325113051997e+01 1.469251224858742866e+01
2.071430263640966274e+00 3.045940775505315834e+00 3.047468522650810030e+00 8.002120092504265259e+00 1.411644691599959067e+01 1.468175676970253818e+01 1.468187589996394848e+01
2.079181815951627765e+00 3.069182897490993600e+00 3.070661336527225949e+00 8.144708871470697886e+00 1.406124700519432658e+01 1.467185658928579528e+01 1.467197488917329729e+01
2.086933368139814782e+00 3.090606822275613563e+00 3.092038364374031456e+00 8.285349835372823435e+00 1.400504783611516935e+01 1.466269089750338672e+01 1.466280736033369614e+01
2.094684920328002242e+00 3.110267948326451926e+00 3.111655223206567289e+00 8.424002965228886808e+00 1.394788715646256527e+01 1.465425343947123515e+01 1.465436706748521978e+01
2.102436472516189259e+00 3.128226430500976374e+00 3.129572216502028770e+00 8.560629715901727721e+00 1.388980391188128038e+01 1.464653365515883898e+01 1.464664352355248234e+01
2.110188024826851194e+00 3.144546858021605829e+00 3.145854012857590920e+00 8.695192881720911871e+00 1.383083823872792451e+01 1.463951685104460765e+01 1.463962218887657230e+01
2.117939577015038211e+00 3.159297890820396582e+00 3.160569286008120926e+00 8.827656379474309034e+00 1.377103151918877444e+01 1.463318440471311455e+01 1.463328469963417788e+01
2.125691129203225227e+00 3.172551861333479550e+00 3.173790323189617180e+00 8.957984967938823928e+00 1.371042650011701269e+01 1.462751399797250507e+01 1.462760913179281275e+01
2.133442681391412243e+00 3.184384340067647035e+00 3.185592599806069014e+00 9.086143842600950649e+00 1.364906751444397770e+01 1.462247988085726469e+01 1.462257029667998154e+01
2.141194233579599260e+00 3.194873672845603974e+00 3.196054327645058812e+00 9.212098113524099574e+00 1.358700081668150617e+01 1.461805317268562554e+01 1.461814005194707100e+01
2.148945785890260751e+00 3.204100492646651421e+00 3.205255978705887188e+00 9.335812124519998534e+00 1.352427506951733349e+01 1.461420222058070273e+01 1.461428760157725115e+01
2.156697338078447768e+00 3.212147210128840857e+00 3.213279787773446916e+00 9.457248563822952647e+00 1.346094202833333142e+01 1.461089303523294447e+01 1.461097975803278537e+01
2.164448890266634784e+00 3.219097489761276520e+00 3.220209239727375827e+00 9.576367342585635711e+00 1.339705746318074020e+01 1.460808977941479192e+01 1.460818118142927879e+01
2.172200442454821800e+00 3.225035713464852627e+00 3.226128542696967916e+00 9.693124131991968540e+00 1.333268240965797347e+01 1.460575522279035887e+01 1.460585467670755477e+01
2.179951994765483292e+00 3.230046438784075935e+00 3.231122093499273262e+00 9.807468496538204406e+00 1.326788482796933089e+01 1.460385109489146771e+01 1.460396160713871971e+01
2.187703546953670308e+00 3.234213854776219588e+00 3.235273938239067171e+00 9.919341474905426281e+00 1.320274180973801315e+01 1.460233837400150847e+01 1.460246237981078288e+01
2.195455099141857325e+00 3.237621241240197012e+00 3.238667233648644395e+00 1.002867246676330915e+01 1.313734248829411477e+01 1.460117758803828636e+01 1.460131691857363201e+01
2.203206651330044785e+00 3.240350433765154747e+00 3.241383711860705841e+00 1.013537515719871962e+01 1.307179190648847467e+01 1.460032915580307566e+01 1.460048509019212482e+01
2.210958203640706277e+00 3.242481299631432723e+00 3.243503154053910986e+00 1.023934219092405051e+01 1.300621614366334988e+01 1.459975375316039070e+01 1.459992709155302393e+01
2.218709755828893737e+00 3.244091227389637844e+00 3.245102876354347021e+00 1.034043814416475726e+01 1.294076914682937840e+01 1.459941268316825003e+01 1.459960381322004608e+01
2.226461308017080754e+00 3.245254633934428146e+00 3.246257232440616924e+00 1.043849023689648448e+01 1.287564183439295640e+01 1.459926823667087525e+01 1.459947718686974660e+01
2.234212860205267770e+00 3.246042491411906816e+00 3.247037135845391997e+00 1.053327597589500897e+01 1.281107427098809204e+01 1.459928403696421206e+01 1.459951051824541501e+01
2.241964412515929705e+00 3.246521877276142387e+00 3.247509605867010318e+00 1.062450675606482342e+01 1.274737189663802717e+01 1.459942536517566580e+01 1.459966880414537016e+01
2.249715964704116722e+00 3.246755549828510556e+00 3.247737339925829581e+00 1.071180620396372696e+01 1.268492702106794212e+01 1.459965946452401830e+01 1.459991903133616553e+01
2.257467516892303738e+00 3.246801551791338003e+00 3.247778315266391935e+00 1.079468206263871011e+01 1.262424679200706912e+01 1.459995582211050902e+01 1.460023045528289209e+01
2.265219069080490755e+00 3.246712844022709987e+00 3.247685422289696699e+00 1.087249087133253411e+01 1.256598837604627228e+01 1.460028642703697344e+01 1.460057485676955658e+01
2.272970621391152246e+00 3.246536971594173426e+00 3.247506131728372658e+00 1.094439655242477549e+01 1.251100024730286187e+01 1.460062600387262677e+01 1.460092677488350787e+01
2.280722173579339707e+00 3.246315764146918692e+00 3.247282197400863435e+00 1.100932849279752546e+01 1.246036399314261800e+01 1.460095222054073716e+01 1.460126371503737630e+01
2.288473725767526723e+00 3.246085072278061201e+00 3.247049395976615127e+00 1.106595390123249167e+01 1.241542186028657291e+01 1.460124586994906437e+01 1.460156633107960999e+01
2.296225277955714184e+00 3.245874541623245957e+00 3.246837305003714924e+00 1.111269384040925523e+01 1.237776063787868708e+01 1.460149102462044191e+01 1.460181858055605808e+01
2.303976830266375675e+00 3.245707425998482609e+00 3.246669120102438022e+00 1.114782702089048350e+01 1.234910779473471898e+01 1.460167516389176967e+01 1.460200785256242995e+01
2.311728382454563135e+00 3.245600440814214949e+00 3.246561512086307832e+00 1.116972006331213407e+01 1.233110116266927037e+01 1.460178927322844622e+01 1.460212506764314178e+01
2.319479934642750152e+00 3.245563657662474455e+00 3.246524524512159005e+00 1.117716725833646940e+01 1.232494913832124439e+01 1.460182791539718394e+01 1.460216474942022913e+01
