    0.000000    -0.000000    -0.000000    -0.000000    15.331100    15.331100    15.331100
    0.011785     0.169353     0.169353     0.254458    15.329109    15.329109    15.330764
    0.023570     0.338415     0.338415     0.508805    15.323125    15.323125    15.329742
    0.035355     0.506898     0.506898     0.762927    15.313127    15.313127    15.327970
    0.047140     0.674512     0.674512     1.016713    15.299079    15.299079    15.325359
    0.058926     0.840957     0.840957     1.270053    15.280936    15.280936    15.321782
    0.070711     1.005930     1.005930     1.522844    15.258667    15.258667    15.317094
    0.082496     1.169125     1.169125     1.774976    15.232243    15.232243    15.311134
    0.094281     1.330230     1.330230     2.026352    15.201670    15.201670    15.303735
    0.106066     1.488923     1.488923     2.276867    15.166981    15.166981    15.294732
    0.117851     1.644881     1.644881     2.526427    15.128260    15.128260    15.283972
    0.129636     1.797775     1.797775     2.774940    15.085642    15.085642    15.271327
    0.141421     1.947272     1.947272     3.022314    15.039327    15.039327    15.256688
    0.153206     2.093044     2.093044     3.268458    14.989579    14.989579    15.239984
    0.164992     2.234768     2.234768     3.513287    14.936735    14.936735    15.221166
    0.176777     2.372123     2.372123     3.756718    14.881198    14.881201    15.200234
    0.188562     2.504809     2.504809     3.998669    14.823437    14.823437    15.177207
    0.200347     2.632541     2.632541     4.239058    14.763970    14.763970    15.152148
    0.212132     2.755063     2.755063     4.477800    14.703358    14.703361    15.125127
    0.223917     2.872147     2.872147     4.714825    14.642204    14.642204    15.096248
    0.235702     2.983610     2.983610     4.950049    14.581115    14.581115    15.065619
    0.247487     3.089302     3.089302     5.183398    14.520692    14.520692    15.033349
    0.259272     3.189136     3.189136     5.414796    14.461525    14.461525    14.999547
    0.271058     3.283067     3.283067     5.644167    14.404159    14.404159    14.964313
    0.282843     3.371110     3.371110     5.871440    14.349084    14.349084    14.927720
    0.294628     3.453337     3.453337     6.096539    14.296723    14.296723    14.889823
    0.306413     3.529871     3.529871     6.319396    14.247419    14.247419    14.850652
    0.318198     3.600883     3.600883     6.539938    14.201425    14.201425    14.810201
    0.329983     3.666589     3.666589     6.758100    14.158902    14.158902    14.768440
    0.341768     3.727237     3.727237     6.973816    14.119923    14.119923    14.725309
    0.353553     3.783097     3.783097     7.187026    14.084473    14.084473    14.680721
    0.365339     3.834461     3.834461     7.397663    14.052452    14.052452    14.634571
    0.377124     3.881624     3.881624     7.605671    14.023702    14.023702    14.586733
    0.388909     3.924869     3.924869     7.810999    13.997997    13.997997    14.537072
    0.400694     3.964478     3.964478     8.013590    13.975075    13.975075    14.485448
    0.412479     4.000699     4.000699     8.213398    13.954647    13.954647    14.431719
    0.424264     4.033769     4.033769     8.410377    13.936405    13.936405    14.375751
    0.436049     4.063895     4.063895     8.604484    13.920042    13.920042    14.317417
    0.447834     4.091248     4.091248     8.795682    13.905266    13.905266    14.256604
    0.459619     4.115990     4.115990     8.983934    13.891793    13.891793    14.193219
    0.471405     4.138252     4.138252     9.169209    13.879381    13.879381    14.127184
    0.483190     4.158150     4.158150     9.351483    13.867812    13.867815    14.058439
    0.494975     4.175783     4.175783     9.530723    13.856912    13.856912    13.986941
    0.506760     4.191259     4.191259     9.706914    13.846536    13.846536    13.912667
    0.518545     4.204671     4.204671     9.880035    13.835606    13.836583    13.836583
    0.530330     4.216123     4.216123    10.050071    13.755756    13.826984    13.826984
    0.542115     4.225723     4.225726    10.217008    13.673130    13.817705    13.817705
    0.553900     4.233601     4.233601    10.380841    13.587740    13.808738    13.808738
    0.565685     4.239885     4.239885    10.541560    13.499604    13.800104    13.800104
    0.577471     4.244733     4.244733    10.699164    13.408740    13.791836    13.791836
    0.589256     4.248303     4.248303    10.853653    13.315163    13.783984    13.783984
    0.601041     4.250773     4.250773    11.005028    13.218882    13.776610    13.776610
    0.612826     4.252323     4.252323    11.153293    13.119902    13.769780    13.769780
    0.624611     4.253136     4.253136    11.298461    13.018221    13.763560    13.763560
    0.636396     4.253397     4.253397    11.440545    12.913834    13.758016    13.758016
    0.648181     4.253277     4.253277    11.579559    12.806721    13.753211    13.753211
    0.659966     4.252935     4.252935    11.715524    12.696865    13.749200    13.749200
    0.671751     4.252515     4.252515    11.848464    12.584236    13.746028    13.746028
    0.683537     4.252126     4.252126    11.978406    12.468807    13.743734    13.743734
    0.695322     4.251859     4.251859    12.105377    12.350544    13.742349    13.742349
    0.707107     4.251766     4.251766    12.229413    12.229413    13.741885    13.741885
    0.715440     4.251634     4.256883    12.226547    12.227186    13.741909    13.743108
    0.723773     4.251250     4.272161    12.217985    12.220536    13.741984    13.746750
    0.732107     4.250624     4.297379    12.203805    12.209528    13.742106    13.752749
    0.740440     4.249775     4.332182    12.184136    12.194281    13.742289    13.760999
    0.748773     4.248738     4.376084    12.159169    12.174938    13.742535    13.771360
    0.757107     4.247542     4.428493    12.129139    12.151680    13.742850    13.783673
    0.765440     4.246238     4.488731    12.094330    12.124699    13.743246    13.797751
    0.773773     4.244868     4.556049    12.055081    12.094204    13.743728    13.813409
    0.782107     4.243489     4.629648    12.011767    12.060402    13.744310    13.830458
    0.790440     4.242157     4.708692    11.964813    12.023501    13.745005    13.848710
    0.798773     4.240931     4.792331    11.914682    11.983697    13.745821    13.867983
    0.807107     4.239873     4.879714    11.861874    11.941190    13.746768    13.888114
    0.815440     4.239040     4.969994    11.806919    11.896149    13.747862    13.908944
    0.823773     4.238494     5.062348    11.750378    11.848743    13.749110    13.930322
    0.832107     4.238287     5.155970    11.692836    11.799124    13.750525    13.952126
    0.840440     4.238473     5.250090    11.634895    11.747434    13.752114    13.974230
    0.848773     4.239094     5.343964    11.577167    11.693798    13.753885    13.996525
    0.857107     4.240191     5.436897    11.520275    11.638330    13.755846    14.018914
    0.865440     4.241795     5.528225    11.464837    11.581136    13.757998    14.041311
    0.873773     4.243929     5.617339    11.411459    11.522311    13.760352    14.063631
    0.882107     4.246603     5.703667    11.360731    11.461941    13.762906    14.085801
    0.890440     4.249823     5.786692    11.313211    11.400106    13.765667    14.107751
    0.898773     4.253577     5.865951    11.269430    11.336880    13.768632    14.129429
    0.907107     4.257852     5.941037    11.229857    11.272326    13.771801    14.150769
    0.915440     4.262615     6.011602    11.194922    11.206506    13.775177    14.171727
    0.923773     4.267832     6.077361    11.139475    11.164976    13.778756    14.192251
    0.932107     4.273447     6.138102    11.071294    11.140312    13.782539    14.212298
    0.940440     4.279404     6.193669    11.002009    11.121134    13.786530    14.231833
    0.948773     4.285633     6.243974    10.931668    11.107581    13.790724    14.250818
    0.957107     4.292064     6.288988    10.860318    11.099702    13.795125    14.269226
    0.965440     4.298605     6.328744    10.788005    11.097475    13.799739    14.287024
    0.973773     4.305171     6.363322    10.714771    11.100802    13.804568    14.304193
    0.982107     4.311667     6.392845    10.640663    11.109523    13.809620    14.320712
    0.990440     4.317996     6.417464    10.565715    11.123422    13.814905    14.336571
    0.998773     4.324055     6.437358    10.489972    11.142243    13.820433    14.351762
    1.007107     4.329739     6.452717    10.413474    11.165686    13.826222    14.366275
    1.015440     4.334949     6.463725    10.336256    11.193438    13.832284    14.380110
    1.023773     4.339578     6.470572    10.258361    11.225171    13.838646    14.393280
    1.032107     4.343523     6.473435    10.179822    11.260556    13.845322    14.405790
    1.040440     4.346692     6.472467    10.100673    11.299271    13.852343    14.417656
    1.048773     4.348986     6.467808    10.020950    11.340999    13.859733    14.428898
    1.057107     4.350311     6.459579     9.940680    11.385449    13.867525    14.439538
    1.065440     4.350583     6.447875     9.859892    11.432349    13.875745    14.449611
    1.073773     4.349720     6.432784     9.778615    11.481449    13.884430    14.459144
    1.082107     4.347648     6.414367     9.696871    11.532518    13.893613    14.468177
    1.090440     4.344297     6.392686     9.614677    11.585360    13.903323    14.476745
    1.098773     4.339602     6.367788     9.532048    11.639790    13.913600    14.484890
    1.107107     4.333510     6.339719     9.448999    11.695660    13.924470    14.492658
    1.115440     4.325967     6.308526     9.365531    11.752830    13.935970    14.500090
    1.123773     4.316932     6.274262     9.281655    11.811182    13.948127    14.507234
    1.132107     4.306367     6.236989     9.197362    11.870622    13.960967    14.514132
    1.140440     4.294240     6.196781     9.112647    11.931060    13.974512    14.520830
    1.148773     4.280525     6.153719     9.027500    11.992430    13.988788    14.527365
    1.157107     4.265202     6.107901     8.941906    12.054673    14.003807    14.533784
    1.165440     4.248258     6.059437     8.855842    12.117741    14.019579    14.540118
    1.173773     4.229677     6.008457     8.769283    12.181593    14.036116    14.546405
    1.182107     4.209456     5.955091     8.682199    12.246199    14.053417    14.552677
    1.190440     4.187592     5.899492     8.594558    12.311532    14.071477    14.558960
    1.198773     4.164079     5.841814     8.506320    12.377577    14.090292    14.565277
    1.207107     4.138927     5.782216     8.417446    12.444314    14.109844    14.571644
    1.215440     4.112134     5.720857     8.327892    12.511731    14.130116    14.578084
    1.223773     4.083711     5.657907     8.237610    12.579820    14.151080    14.584601
    1.232107     4.053660     5.593520     8.146551    12.648568    14.172713    14.591209
    1.240440     4.021990     5.527842     8.054658    12.717970    14.194982    14.597912
    1.248773     3.988710     5.461018     7.961884    12.788014    14.217847    14.604712
    1.257107     3.953826     5.393166     7.868169    12.858681    14.241267    14.611610
    1.265440     3.917344     5.324397     7.773453    12.929962    14.265202    14.618610
    1.273773     3.879277     5.254800     7.677681    13.001829    14.289603    14.625712
    1.282107     3.839626     5.184447     7.580791    13.074256    14.314425    14.632913
    1.290440     3.798396     5.113382     7.482717    13.147207    14.339623    14.640219
    1.298773     3.755594     5.041629     7.383402    13.220635    14.365144    14.647636
    1.307107     3.711225     4.969196     7.282773    13.294489    14.390941    14.655167
    1.315440     3.665288     4.896062     7.180772    13.368703    14.416966    14.662823
    1.323773     3.617788     4.822187     7.077325    13.443204    14.443177    14.670621
    1.332107     3.568724     4.747515     6.972371    13.517907    14.469523    14.678580
    1.340440     3.518101     4.671973     6.865834    13.592714    14.495965    14.686726
    1.348773     3.465917     4.595472     6.757648    13.667515    14.522466    14.695084
    1.357107     3.412170     4.517913     6.647738    13.742190    14.548983    14.703691
    1.365440     3.356867     4.439190     6.536032    13.816614    14.575488    14.712583
    1.373773     3.300005     4.359190     6.422459    13.890639    14.601947    14.721805
    1.382107     3.241591     4.277806     6.306946    13.964124    14.628329    14.731401
    1.390440     3.181623     4.194919     6.189421    14.036907    14.654615    14.741417
    1.398773     3.120109     4.110429     6.069807    14.108828    14.680778    14.751907
    1.407107     3.057057     4.024232     5.948034    14.179723    14.706797    14.762918
    1.415440     2.992469     3.936243     5.824037    14.249421    14.732657    14.774505
    1.423773     2.926362     3.846386     5.697740    14.317756    14.758343    14.786710
    1.432107     2.858744     3.754602     5.569087    14.384559    14.783835    14.799577
    1.440440     2.789633     3.660845     5.438012    14.449668    14.809122    14.813148
    1.448773     2.719040     3.565085     5.304457    14.512924    14.827454    14.834185
    1.457107     2.646994     3.467311     5.168375    14.574178    14.842519    14.859017
    1.465440     2.573515     3.367537     5.029718    14.633288    14.858357    14.883597
    1.473773     2.498624     3.265784     4.888447    14.690131    14.874978    14.907910
    1.482107     2.422354     3.162098     4.744532    14.744592    14.892368    14.931935
    1.490440     2.344731     3.056538     4.597948    14.796567    14.910512    14.955652
    1.498773     2.265796     2.949179     4.448682    14.845982    14.929378    14.979042
    1.507107     2.185581     2.840115     4.296729    14.892761    14.948921    15.002072
    1.515440     2.104124     2.729443     4.142090    14.936867    14.969076    15.024712
    1.523773     2.021468     2.617282     3.984783    14.978268    14.989777    15.046930
    1.532107     1.937655     2.503747     3.824831    15.010933    15.016953    15.068691
    1.540440     1.852730     2.388972     3.662269    15.032447    15.052931    15.089953
    1.548773     1.766740     2.273081     3.497140    15.054208    15.086232    15.110668
    1.557107     1.679735     2.156213     3.329505    15.076093    15.116904    15.130793
    1.565440     1.591761     2.038502     3.159424    15.097972    15.145001    15.150277
    1.573773     1.502875     1.920072     2.986974    15.119704    15.169065    15.170606
    1.582107     1.413126     1.801055     2.812246    15.141145    15.187101    15.193810
    1.590440     1.322565     1.681566     2.635326    15.162143    15.204333    15.214711
    1.598773     1.231248     1.561718     2.456326    15.182547    15.220698    15.233421
    1.607107     1.139230     1.441609     2.275353    15.202204    15.236144    15.250066
    1.615440     1.046561     1.321327     2.092531    15.220959    15.250609    15.264762
    1.623773     0.953301     1.200954     1.907985    15.238662    15.264036    15.277641
    1.632107     0.859502     1.080551     1.721849    15.255171    15.276373    15.288826
    1.640440     0.765217     0.960167     1.534269    15.270350    15.287567    15.298446
    1.648773     0.670501     0.839845     1.345388    15.284071    15.297571    15.306613
    1.657107     0.575413     0.719607     1.155355    15.296213    15.306337    15.313445
    1.665440     0.480001     0.599465     0.964331    15.306676    15.313826    15.319039
    1.673773     0.384322     0.479425     0.772472    15.315364    15.320005    15.323488
    1.682107     0.288427     0.359478     0.579946    15.322202    15.324840    15.326864
    1.690440     0.192374     0.239606     0.386912    15.327131    15.328312    15.329232
    1.698773     0.096212     0.119788     0.193540    15.330105    15.330401    15.330635
    1.707107    -0.000000    -0.000000    -0.000000    15.331100    15.331100    15.331100
    1.714858     0.097343     0.097343     0.184082    15.330410    15.330410    15.330614
    1.722610     0.194571     0.194571     0.368136    15.328345    15.328345    15.329148
    1.730361     0.291581     0.291581     0.552137    15.324918    15.324918    15.326705
    1.738113     0.388255     0.388255     0.736060    15.320145    15.320145    15.323266
    1.745865     0.484486     0.484486     0.919871    15.314051    15.314051    15.318826
    1.753616     0.580162     0.580162     1.103545    15.306670    15.306670    15.313367
    1.761368     0.675175     0.675175     1.287051    15.298042    15.298042    15.306871
    1.769119     0.769409     0.769409     1.470357    15.288215    15.288215    15.299319
    1.776871     0.862758     0.862758     1.653431    15.277236    15.277236    15.290682
    1.784622     0.955115     0.955115     1.836232    15.265170    15.265170    15.280945
    1.792374     1.046369     1.046369     2.018731    15.252075    15.252075    15.270077
    1.800125     1.136415     1.136415     2.200885    15.238020    15.238020    15.258058
    1.807877     1.225144     1.225144     2.382649    15.223082    15.223082    15.244865
    1.815628     1.312459     1.312459     2.563988    15.207331    15.207331    15.230469
    1.823380     1.398256     1.398256     2.744850    15.190851    15.190851    15.214852
    1.831132     1.482435     1.482435     2.925193    15.173724    15.173724    15.197998
    1.838883     1.564905     1.564905     3.104963    15.156036    15.156036    15.179885
    1.846635     1.645573     1.645573     3.284113    15.137866    15.137866    15.160500
    1.854386     1.724353     1.724353     3.462592    15.119308    15.119308    15.139835
    1.862138     1.801163     1.801163     3.640342    15.100442    15.100445    15.117881
    1.869889     1.875928     1.875928     3.817309    15.081361    15.081361    15.094636
    1.877641     1.948580     1.948580     3.993441    15.062141    15.062141    15.070097
    1.885392     2.019049     2.019049     4.168681    15.042870    15.042870    15.044276
    1.893144     2.087282     2.087282     4.342969    15.017178    15.023624    15.023624
    1.900896     2.153230     2.153230     4.516249    14.988815    15.004479    15.004479
    1.908647     2.216849     2.216849     4.688468    14.959201    14.985511    14.985511
    1.916399     2.278109     2.278109     4.859565    14.928362    14.966783    14.966783
    1.924150     2.336985     2.336985     5.029488    14.896314    14.948364    14.948364
    1.931902     2.393457     2.393457     5.198184    14.863085    14.930310    14.930310
    1.939653     2.447521     2.447521     5.365594    14.828705    14.912673    14.912673
    1.947405     2.499176     2.499176     5.531673    14.793197    14.895504    14.895504
    1.955156     2.548434     2.548434     5.696370    14.756592    14.878839    14.878839
    1.962908     2.595313     2.595313     5.859637    14.718924    14.862719    14.862719
    1.970659     2.639841     2.639841     6.021429    14.680220    14.847169    14.847169
    1.978411     2.682055     2.682055     6.181704    14.640510    14.832215    14.832215
    1.986163     2.721996     2.721996     6.340423    14.599822    14.817876    14.817876
    1.993914     2.759722     2.759722     6.497554    14.558184    14.804164    14.804164
    2.001666     2.795284     2.795284     6.653053    14.515619    14.791084    14.791084
    2.009417     2.828750     2.828750     6.806901    14.472149    14.778639    14.778639
    2.017169     2.860189     2.860189     6.959063    14.427795    14.766830    14.766830
    2.024920     2.889676     2.889676     7.109520    14.382568    14.755642    14.755642
    2.032672     2.917296     2.917296     7.258247    14.336484    14.745071    14.745071
    2.040423     2.943129     2.943129     7.405230    14.289552    14.735100    14.735100
    2.048175     2.967263     2.967263     7.550449    14.241774    14.725711    14.725711
    2.055927     2.989786     2.989786     7.693897    14.193156    14.716882    14.716885
    2.063678     3.010787     3.010787     7.835561    14.143691    14.708596    14.708596
    2.071430     3.030354     3.030354     7.975435    14.093379    14.700825    14.700825
    2.079181     3.048581     3.048581     8.113516    14.042211    14.693543    14.693543
    2.086933     3.065553     3.065553     8.249799    13.990176    14.686726    14.686726
    2.094684     3.081358     3.081358     8.384280    13.937262    14.680349    14.680349
    2.102436     3.096078     3.096078     8.516962    13.883459    14.674383    14.674383
    2.110187     3.109796     3.109796     8.647846    13.828750    14.668804    14.668804
    2.117939     3.122588     3.122588     8.776924    13.773123    14.663585    14.663585
    2.125690     3.134523     3.134523     8.904201    13.716567    14.658704    14.658704
    2.133442     3.145675     3.145675     9.029673    13.659070    14.654138    14.654138
    2.141194     3.156099     3.156099     9.153338    13.600625    14.649863    14.649863
    2.148945     3.165860     3.165860     9.275183    13.541233    14.645861    14.645861
    2.156697     3.175004     3.175004     9.395199    13.480891    14.642114    14.642114
    2.164448     3.183581     3.183581     9.513365    13.419614    14.638603    14.638603
    2.172200     3.191627     3.191627     9.629654    13.357419    14.635314    14.635314
    2.179951     3.199179     3.199179     9.744034    13.294339    14.632235    14.632235
    2.187703     3.206266     3.206266     9.856456    13.230415    14.629354    14.629354
    2.195454     3.212916     3.212916     9.966855    13.165710    14.626659    14.626659
    2.203206     3.219139     3.219139    10.075152    13.100305    14.624147    14.624147
    2.210958     3.224961     3.224961    10.181231    13.034314    14.621806    14.621806
    2.218709     3.230385     3.230385    10.284956    12.967874    14.619632    14.619632
    2.226461     3.235418     3.235418    10.386142    12.901179    14.617624    14.617624
    2.234212     3.240068     3.240068    10.484552    12.834470    14.615777    14.615777
    2.241964     3.244334     3.244334    10.579871    12.768063    14.614089    14.614089
    2.249715     3.248210     3.248213    10.671691    12.702375    14.612563    14.612563
    2.257467     3.251703     3.251703    10.759473    12.637950    14.611193    14.611193
    2.265218     3.254800     3.254800    10.842510    12.575506    14.609979    14.609979
    2.272970     3.257498     3.257498    10.919859    12.515985    14.608927    14.608927
    2.280721     3.259791     3.259791    10.990305    12.460613    14.608033    14.608033
    2.288473     3.261677     3.261677    11.052293    12.410953    14.607302    14.607302
    2.296225     3.263149     3.263152    11.103923    12.368904    14.606732    14.606732
    2.303976     3.264204     3.264204    11.143058    12.336607    14.606324    14.606324
    2.311728     3.264840     3.264840    11.167611    12.316155    14.606079    14.606079
    2.319479     3.265053     3.265053    11.175996    12.309140    14.605998    14.605998
