 &input
    asr='crystal', amass(1) = 28.086, 
    flfrc='si.fc', flfrq='si.freq', q_in_cryst_coord = .true.
 /
260
 0.0000000000  0.0000000000  0.0000000000
 0.0083333333  0.0083333333  0.0000000000
 0.0166666667  0.0166666667  0.0000000000
 0.0250000000  0.0250000000  0.0000000000
 0.0333333333  0.0333333333  0.0000000000
 0.0416666667  0.0416666667  0.0000000000
 0.0500000000  0.0500000000  0.0000000000
 0.0583333333  0.0583333333  0.0000000000
 0.0666666667  0.0666666667  0.0000000000
 0.0750000000  0.0750000000  0.0000000000
 0.0833333333  0.0833333333  0.0000000000
 0.0916666667  0.0916666667  0.0000000000
 0.1000000000  0.1000000000  0.0000000000
 0.1083333333  0.1083333333  0.0000000000
 0.1166666667  0.1166666667  0.0000000000
 0.1250000000  0.1250000000  0.0000000000
 0.1333333333  0.1333333333  0.0000000000
 0.1416666667  0.1416666667  0.0000000000
 0.1500000000  0.1500000000  0.0000000000
 0.1583333333  0.1583333333  0.0000000000
 0.1666666667  0.1666666667  0.0000000000
 0.1750000000  0.1750000000  0.0000000000
 0.1833333333  0.1833333333  0.0000000000
 0.1916666667  0.1916666667  0.0000000000
 0.2000000000  0.2000000000  0.0000000000
 0.2083333333  0.2083333333  0.0000000000
 0.2166666667  0.2166666667  0.0000000000
 0.2250000000  0.2250000000  0.0000000000
 0.2333333333  0.2333333333  0.0000000000
 0.2416666667  0.2416666667  0.0000000000
 0.2500000000  0.2500000000  0.0000000000
 0.2583333333  0.2583333333  0.0000000000
 0.2666666667  0.2666666667  0.0000000000
 0.2750000000  0.2750000000  0.0000000000
 0.2833333333  0.2833333333  0.0000000000
 0.2916666667  0.2916666667  0.0000000000
 0.3000000000  0.3000000000  0.0000000000
 0.3083333333  0.3083333333  0.0000000000
 0.3166666667  0.3166666667  0.0000000000
 0.3250000000  0.3250000000  0.0000000000
 0.3333333333  0.3333333333  0.0000000000
 0.3416666667  0.3416666667  0.0000000000
 0.3500000000  0.3500000000  0.0000000000
 0.3583333333  0.3583333333  0.0000000000
 0.3666666667  0.3666666667  0.0000000000
 0.3750000000  0.3750000000  0.0000000000
 0.3833333333  0.3833333333  0.0000000000
 0.3916666667  0.3916666667  0.0000000000
 0.4000000000  0.4000000000  0.0000000000
 0.4083333333  0.4083333333  0.0000000000
 0.4166666667  0.4166666667  0.0000000000
 0.4250000000  0.4250000000  0.0000000000
 0.4333333333  0.4333333333  0.0000000000
 0.4416666667  0.4416666667  0.0000000000
 0.4500000000  0.4500000000  0.0000000000
 0.4583333333  0.4583333333  0.0000000000
 0.4666666667  0.4666666667  0.0000000000
 0.4750000000  0.4750000000  0.0000000000
 0.4833333333  0.4833333333  0.0000000000
 0.4916666667  0.4916666667  0.0000000000
 0.5000000000  0.5000000000  0.0000000000
 0.4958333333  0.5041666667  0.0000000000
 0.4916666667  0.5083333333  0.0000000000
 0.4875000000  0.5125000000  0.0000000000
 0.4833333333  0.5166666667  0.0000000000
 0.4791666667  0.5208333333  0.0000000000
 0.4750000000  0.5250000000  0.0000000000
 0.4708333333  0.5291666667  0.0000000000
 0.4666666667  0.5333333333  0.0000000000
 0.4625000000  0.5375000000  0.0000000000
 0.4583333333  0.5416666667  0.0000000000
 0.4541666667  0.5458333333  0.0000000000
 0.4500000000  0.5500000000  0.0000000000
 0.4458333333  0.5541666667  0.0000000000
 0.4416666667  0.5583333333  0.0000000000
 0.4375000000  0.5625000000  0.0000000000
 0.4333333333  0.5666666667  0.0000000000
 0.4291666667  0.5708333333  0.0000000000
 0.4250000000  0.5750000000  0.0000000000
 0.4208333333  0.5791666667  0.0000000000
 0.4166666667  0.5833333333  0.0000000000
 0.4125000000  0.5875000000  0.0000000000
 0.4083333333  0.5916666667  0.0000000000
 0.4041666667  0.5958333333  0.0000000000
 0.4000000000  0.6000000000  0.0000000000
 0.3958333333  0.6041666667  0.0000000000
 0.3916666667  0.6083333333  0.0000000000
 0.3875000000  0.6125000000  0.0000000000
 0.3833333333  0.6166666667  0.0000000000
 0.3791666667  0.6208333333  0.0000000000
 0.3750000000  0.6250000000  0.0000000000
 0.3708333333  0.6291666667  0.0000000000
 0.3666666667  0.6333333333  0.0000000000
 0.3625000000  0.6375000000  0.0000000000
 0.3583333333  0.6416666667  0.0000000000
 0.3541666667  0.6458333333  0.0000000000
 0.3500000000  0.6500000000  0.0000000000
 0.3458333333  0.6541666667  0.0000000000
 0.3416666667  0.6583333333  0.0000000000
 0.3375000000  0.6625000000  0.0000000000
 0.3333333333  0.6666666667  0.0000000000
 0.3291666667  0.6708333333  0.0000000000
 0.3250000000  0.6750000000  0.0000000000
 0.3208333333  0.6791666667  0.0000000000
 0.3166666667  0.6833333333  0.0000000000
 0.3125000000  0.6875000000  0.0000000000
 0.3083333333  0.6916666667  0.0000000000
 0.3041666667  0.6958333333  0.0000000000
 0.3000000000  0.7000000000  0.0000000000
 0.2958333333  0.7041666667  0.0000000000
 0.2916666667  0.7083333333  0.0000000000
 0.2875000000  0.7125000000  0.0000000000
 0.2833333333  0.7166666667  0.0000000000
 0.2791666667  0.7208333333  0.0000000000
 0.2750000000  0.7250000000  0.0000000000
 0.2708333333  0.7291666667  0.0000000000
 0.2666666667  0.7333333333  0.0000000000
 0.2625000000  0.7375000000  0.0000000000
 0.2583333333  0.7416666667  0.0000000000
 0.2541666667  0.7458333333  0.0000000000
 0.2500000000  0.7500000000  0.0000000000
 0.2458333333  0.7541666667  0.0000000000
 0.2416666667  0.7583333333  0.0000000000
 0.2375000000  0.7625000000  0.0000000000
 0.2333333333  0.7666666667  0.0000000000
 0.2291666667  0.7708333333  0.0000000000
 0.2250000000  0.7750000000  0.0000000000
 0.2208333333  0.7791666667  0.0000000000
 0.2166666667  0.7833333333  0.0000000000
 0.2125000000  0.7875000000  0.0000000000
 0.2083333333  0.7916666667  0.0000000000
 0.2041666667  0.7958333333  0.0000000000
 0.2000000000  0.8000000000  0.0000000000
 0.1958333333  0.8041666667  0.0000000000
 0.1916666667  0.8083333333  0.0000000000
 0.1875000000  0.8125000000  0.0000000000
 0.1833333333  0.8166666667  0.0000000000
 0.1791666667  0.8208333333  0.0000000000
 0.1750000000  0.8250000000  0.0000000000
 0.1708333333  0.8291666667  0.0000000000
 0.1666666667  0.8333333333  0.0000000000
 0.1625000000  0.8375000000  0.0000000000
 0.1583333333  0.8416666667  0.0000000000
 0.1541666667  0.8458333333  0.0000000000
 0.1500000000  0.8500000000  0.0000000000
 0.1458333333  0.8541666667  0.0000000000
 0.1416666667  0.8583333333  0.0000000000
 0.1375000000  0.8625000000  0.0000000000
 0.1333333333  0.8666666667  0.0000000000
 0.1291666667  0.8708333333  0.0000000000
 0.1250000000  0.8750000000  0.0000000000
 0.1208333333  0.8791666667  0.0000000000
 0.1166666667  0.8833333333  0.0000000000
 0.1125000000  0.8875000000  0.0000000000
 0.1083333333  0.8916666667  0.0000000000
 0.1041666667  0.8958333333  0.0000000000
 0.1000000000  0.9000000000  0.0000000000
 0.0958333333  0.9041666667  0.0000000000
 0.0916666667  0.9083333333  0.0000000000
 0.0875000000  0.9125000000  0.0000000000
 0.0833333333  0.9166666667  0.0000000000
 0.0791666667  0.9208333333  0.0000000000
 0.0750000000  0.9250000000  0.0000000000
 0.0708333333  0.9291666667  0.0000000000
 0.0666666667  0.9333333333  0.0000000000
 0.0625000000  0.9375000000  0.0000000000
 0.0583333333  0.9416666667  0.0000000000
 0.0541666667  0.9458333333  0.0000000000
 0.0500000000  0.9500000000  0.0000000000
 0.0458333333  0.9541666667  0.0000000000
 0.0416666667  0.9583333333  0.0000000000
 0.0375000000  0.9625000000  0.0000000000
 0.0333333333  0.9666666667  0.0000000000
 0.0291666667  0.9708333333  0.0000000000
 0.0250000000  0.9750000000  0.0000000000
 0.0208333333  0.9791666667  0.0000000000
 0.0166666667  0.9833333333  0.0000000000
 0.0125000000  0.9875000000  0.0000000000
 0.0083333333  0.9916666667  0.0000000000
 0.0041666667  0.9958333333  0.0000000000
 0.0000000000  1.0000000000  0.0000000000
 0.0000000000  1.0063291139  0.0000000000
 0.0000000000  1.0126582278  0.0000000000
 0.0000000000  1.0189873418  0.0000000000
 0.0000000000  1.0253164557  0.0000000000
 0.0000000000  1.0316455696  0.0000000000
 0.0000000000  1.0379746835  0.0000000000
 0.0000000000  1.0443037975  0.0000000000
 0.0000000000  1.0506329114  0.0000000000
 0.0000000000  1.0569620253  0.0000000000
 0.0000000000  1.0632911392  0.0000000000
 0.0000000000  1.0696202532  0.0000000000
 0.0000000000  1.0759493671  0.0000000000
 0.0000000000  1.0822784810  0.0000000000
 0.0000000000  1.0886075949  0.0000000000
 0.0000000000  1.0949367089  0.0000000000
 0.0000000000  1.1012658228  0.0000000000
 0.0000000000  1.1075949367  0.0000000000
 0.0000000000  1.1139240506  0.0000000000
 0.0000000000  1.1202531646  0.0000000000
 0.0000000000  1.1265822785  0.0000000000
 0.0000000000  1.1329113924  0.0000000000
 0.0000000000  1.1392405063  0.0000000000
 0.0000000000  1.1455696203  0.0000000000
 0.0000000000  1.1518987342  0.0000000000
 0.0000000000  1.1582278481  0.0000000000
 0.0000000000  1.1645569620  0.0000000000
 0.0000000000  1.1708860759  0.0000000000
 0.0000000000  1.1772151899  0.0000000000
 0.0000000000  1.1835443038  0.0000000000
 0.0000000000  1.1898734177  0.0000000000
 0.0000000000  1.1962025316  0.0000000000
 0.0000000000  1.2025316456  0.0000000000
 0.0000000000  1.2088607595  0.0000000000
 0.0000000000  1.2151898734  0.0000000000
 0.0000000000  1.2215189873  0.0000000000
 0.0000000000  1.2278481013  0.0000000000
 0.0000000000  1.2341772152  0.0000000000
 0.0000000000  1.2405063291  0.0000000000
 0.0000000000  1.2468354430  0.0000000000
 0.0000000000  1.2531645570  0.0000000000
 0.0000000000  1.2594936709  0.0000000000
 0.0000000000  1.2658227848  0.0000000000
 0.0000000000  1.2721518987  0.0000000000
 0.0000000000  1.2784810127  0.0000000000
 0.0000000000  1.2848101266  0.0000000000
 0.0000000000  1.2911392405  0.0000000000
 0.0000000000  1.2974683544  0.0000000000
 0.0000000000  1.3037974684  0.0000000000
 0.0000000000  1.3101265823  0.0000000000
 0.0000000000  1.3164556962  0.0000000000
 0.0000000000  1.3227848101  0.0000000000
 0.0000000000  1.3291139241  0.0000000000
 0.0000000000  1.3354430380  0.0000000000
 0.0000000000  1.3417721519  0.0000000000
 0.0000000000  1.3481012658  0.0000000000
 0.0000000000  1.3544303797  0.0000000000
 0.0000000000  1.3607594937  0.0000000000
 0.0000000000  1.3670886076  0.0000000000
 0.0000000000  1.3734177215  0.0000000000
 0.0000000000  1.3797468354  0.0000000000
 0.0000000000  1.3860759494  0.0000000000
 0.0000000000  1.3924050633  0.0000000000
 0.0000000000  1.3987341772  0.0000000000
 0.0000000000  1.4050632911  0.0000000000
 0.0000000000  1.4113924051  0.0000000000
 0.0000000000  1.4177215190  0.0000000000
 0.0000000000  1.4240506329  0.0000000000
 0.0000000000  1.4303797468  0.0000000000
 0.0000000000  1.4367088608  0.0000000000
 0.0000000000  1.4430379747  0.0000000000
 0.0000000000  1.4493670886  0.0000000000
 0.0000000000  1.4556962025  0.0000000000
 0.0000000000  1.4620253165  0.0000000000
 0.0000000000  1.4683544304  0.0000000000
 0.0000000000  1.4746835443  0.0000000000
 0.0000000000  1.4810126582  0.0000000000
 0.0000000000  1.4873417722  0.0000000000
 0.0000000000  1.4936708861  0.0000000000
 0.0000000000  1.5000000000  0.0000000000

