    0.000000    -0.000000    -0.000000     0.000000
    0.011785     4.421300     4.421300     8.513700
    0.023570     8.853400     8.853400    17.044200
    0.035355    13.306900    13.306900    25.607400
    0.047140    17.791500    17.791500    34.216800
    0.058926    22.315700    22.315700    42.883200
    0.070711    26.886500    26.886500    51.613600
    0.082496    31.509000    31.509000    60.410400
    0.094281    36.185800    36.185800    69.271300
    0.106066    40.917000    40.917000    78.188900
    0.117851    45.699900    45.699900    87.150600
    0.129636    50.528600    50.528600    96.138900
    0.141421    55.394100    55.394100   105.131600
    0.153206    60.284700    60.284700   114.102700
    0.164992    65.185600    65.185600   123.022500
    0.176777    70.080000    70.080000   131.858900
    0.188562    74.949200    74.949200   140.578300
    0.200347    79.773200    79.773200   149.146300
    0.212132    84.531800    84.531800   157.529300
    0.223917    89.205300    89.205300   165.694900
    0.235702    93.775300    93.775300   173.613700
    0.247487    98.225800    98.225800   181.259600
    0.259272   102.543600   102.543600   188.611500
    0.271058   106.719600   106.719600   195.653100
    0.282843   110.748800   110.748800   202.374300
    0.294628   114.630900   114.630900   208.771200
    0.306413   118.370500   118.370500   214.846200
    0.318198   121.976900   121.976900   220.608200
    0.329983   125.463300   125.463300   226.072000
    0.341768   128.846300   128.846300   231.257300
    0.353553   132.145100   132.145100   236.188300
    0.365339   135.379400   135.379400   240.892500
    0.377124   138.569000   138.569000   245.398900
    0.388909   141.731300   141.731300   249.736900
    0.400694   144.880400   144.880400   253.934600
    0.412479   148.026000   148.026000   258.017600
    0.424264   151.171900   151.171900   262.007600
    0.436049   154.315700   154.315700   265.921300
    0.447834   157.448800   157.448800   269.769500
    0.459619   160.556500   160.556500   273.557100
    0.471405   163.618900   163.618900   277.283000
    0.483190   166.611700   166.611700   280.940300
    0.494975   169.508200   169.508200   284.517000
    0.506760   172.280400   172.280400   287.997300
    0.518545   174.900800   174.900800   291.362600
    0.530330   177.344100   177.344100   294.592700
    0.542115   179.588500   179.588500   297.667200
    0.553900   181.617000   181.617000   300.566500
    0.565685   183.418500   183.418500   303.273200
    0.577471   184.988100   184.988100   305.772700
    0.589256   186.327500   186.327500   308.053600
    0.601041   187.445000   187.445000   310.108300
    0.612826   188.354600   188.354600   311.932700
    0.624611   189.075100   189.075100   313.526100
    0.636396   189.629000   189.629000   314.890700
    0.648181   190.040800   190.040800   316.030600
    0.659966   190.335500   190.335500   316.951600
    0.671751   190.536400   190.536400   317.659700
    0.683537   190.664000   190.664000   318.160700
    0.695322   190.733900   190.733900   318.459300
    0.707107   190.756000   190.756000   318.558400
    0.715440   190.752700   190.868900   318.544700
    0.723773   190.742900   191.206700   318.503100
    0.732107   190.726400   191.767400   318.432800
    0.740440   190.703100   192.547300   318.331900
    0.748773   190.673100   193.541400   318.198200
    0.757107   190.636000   194.743600   318.028900
    0.765440   190.591600   196.146300   317.820500
    0.773773   190.539800   197.740900   317.569300
    0.782107   190.480100   199.517500   317.271100
    0.790440   190.412300   201.465600   316.921400
    0.798773   190.335900   203.573500   316.515700
    0.807107   190.250500   205.829000   316.049200
    0.815440   190.155400   208.219000   315.517100
    0.823773   190.050100   210.730100   314.915000
    0.832107   189.933900   213.348400   314.238400
    0.840440   189.806000   216.059600   313.483200
    0.848773   189.665600   218.849200   312.645600
    0.857107   189.511900   221.702600   311.722300
    0.865440   189.343900   224.605200   310.710600
    0.873773   189.160500   227.542400   309.608200
    0.882107   188.960700   230.499900   308.413600
    0.890440   188.743300   233.463400   307.125600
    0.898773   188.507300   236.419100   305.744100
    0.907107   188.251300   239.353600   304.269400
    0.915440   187.974100   242.253800   302.702600
    0.923773   187.674400   245.107400   301.045400
    0.932107   187.351100   247.902500   299.300200
    0.940440   187.002700   250.627900   297.470000
    0.948773   186.628000   253.273300   295.558300
    0.957107   186.225800   255.828800   293.569100
    0.965440   185.794800   258.285700   291.507000
    0.973773   185.333800   260.635900   289.376700
    0.982107   184.841800   262.872200   287.183300
    0.990440   184.317600   264.988300   284.932100
    0.998773   183.760300   266.979000   282.628500
    1.007107   183.168900   268.839500   280.277800
    1.015440   182.542500   270.566500   277.885300
    1.023773   181.880400   272.157000   275.456200
    1.032107   181.182000   272.995100   273.609400
    1.040440   180.446500   270.506500   274.922400
    1.048773   179.673600   267.994300   276.095700
    1.057107   178.862700   265.462100   277.129900
    1.065440   178.013700   262.912600   278.026000
    1.073773   177.126100   260.348200   278.785600
    1.082107   176.199900   257.770200   279.411000
    1.090440   175.234900   255.179700   279.904700
    1.098773   174.231100   252.576800   280.269700
    1.107107   173.188500   249.960900   280.509200
    1.115440   172.107100   247.330900   280.626500
    1.123773   170.987000   244.685000   280.625100
    1.132107   169.828100   242.020600   280.508400
    1.140440   168.630800   239.335000   280.279500
    1.148773   167.394900   236.624600   279.941600
    1.157107   166.120600   233.885700   279.497300
    1.165440   164.807900   231.114200   278.949000
    1.173773   163.456800   228.306000   278.298600
    1.182107   162.067300   225.456600   277.547500
    1.190440   160.639200   222.561700   276.696400
    1.198773   159.172500   219.617100   275.745700
    1.207107   157.666800   216.618700   274.695000
    1.215440   156.122000   213.562700   273.543200
    1.223773   154.537700   210.445800   272.288700
    1.232107   152.913500   207.264900   270.929400
    1.240440   151.248900   204.017500   269.462300
    1.248773   149.543500   200.701800   267.884300
    1.257107   147.796700   197.316500   266.191600
    1.265440   146.007900   193.860800   264.380100
    1.273773   144.176500   190.334800   262.445200
    1.282107   142.301900   186.739300   260.382300
    1.290440   140.383400   183.075500   258.186500
    1.298773   138.420600   179.345600   255.853100
    1.307107   136.412700   175.552300   253.377200
    1.315440   134.359200   171.699000   250.754200
    1.323773   132.259700   167.789600   247.979700
    1.332107   130.113800   163.828700   245.049600
    1.340440   127.921100   159.821400   241.960300
    1.348773   125.681300   155.773000   238.708800
    1.357107   123.394500   151.689500   235.292600
    1.365440   121.060500   147.577100   231.709800
    1.373773   118.679600   143.442100   227.959200
    1.382107   116.252000   139.291200   224.040700
    1.390440   113.778200   135.130900   219.954600
    1.398773   111.258800   130.967900   215.702200
    1.407107   108.694400   126.808700   211.285600
    1.415440   106.086100   122.659700   206.707900
    1.423773   103.434900   118.527100   201.973000
    1.432107   100.742000   114.416500   197.085400
    1.440440    98.008700   110.333500   192.050600
    1.448773    95.236600   106.283000   186.874800
    1.457107    92.427300   102.269500   181.565100
    1.465440    89.582600    98.296800   176.128800
    1.473773    86.704400    94.368100   170.574300
    1.482107    83.794500    90.486300   164.910000
    1.490440    80.855000    86.653300   159.145100
    1.498773    77.888000    82.870500   153.289000
    1.507107    74.895600    79.138500   147.351300
    1.515440    71.880000    75.457700   141.341700
    1.523773    68.843300    71.827400   135.269900
    1.532107    65.787600    68.246600   129.145700
    1.540440    62.715000    64.713800   122.978600
    1.548773    59.627500    61.227000   116.777700
    1.557107    56.527200    57.783900   110.551900
    1.565440    53.415800    54.381700   104.309500
    1.573773    50.295200    51.017600    98.058200
    1.582107    47.166900    47.688400    91.805000
    1.590440    44.032600    44.391000    85.556400
    1.598773    40.893400    41.122100    79.317700
    1.607107    37.750700    37.878700    73.093700
    1.615440    34.605500    34.657500    66.888000
    1.623773    31.455700    31.458700    60.703400
    1.632107    28.270500    28.311100    54.541700
    1.640440    25.099300    25.163300    48.404000
    1.648773    21.939700    22.015700    42.290100
    1.657107    18.789800    18.868600    36.199200
    1.665440    15.647600    15.722200    30.129700
    1.673773    12.511400    12.576500    24.079200
    1.682107     9.379800     9.431600    18.044700
    1.690440     6.251400     6.287400    12.022700
    1.698773     3.125200     3.143600     6.009200
    1.707107    -0.000000    -0.000000     0.000000
    1.714858     2.918400     2.918400     5.586400
    1.722610     5.836800     5.836800    11.175400
    1.730361     8.755400     8.755400    16.769500
    1.738113    11.674300    11.674300    22.371200
    1.745865    14.593500    14.593500    27.982800
    1.753616    17.513000    17.513000    33.606400
    1.761368    20.432800    20.432800    39.243900
    1.769119    23.353000    23.353000    44.896900
    1.776871    26.273400    26.273400    50.566900
    1.784622    29.193800    29.193800    56.254900
    1.792374    32.114100    32.114100    61.961500
    1.800125    35.034000    35.034000    67.687000
    1.807877    37.953200    37.953200    73.431500
    1.815628    40.871000    40.871000    79.194200
    1.823380    43.787000    43.787000    84.974500
    1.831132    46.700500    46.700500    90.770900
    1.838883    49.610500    49.610500    96.581600
    1.846635    52.516000    52.516000   102.404500
    1.854386    55.416000    55.416000   108.237000
    1.862138    58.308900    58.308900   114.076100
    1.869889    61.193400    61.193400   119.918400
    1.877641    64.067700    64.067700   125.760100
    1.885392    66.929800    66.929800   131.597200
    1.893144    69.777600    69.777600   137.425200
    1.900896    72.608900    72.608900   143.239400
    1.908647    75.421000    75.421000   149.034700
    1.916399    78.211300    78.211300   154.806000
    1.924150    80.976900    80.976900   160.547700
    1.931902    83.714600    83.714600   166.254300
    1.939653    86.421100    86.421100   171.919900
    1.947405    89.093200    89.093200   177.538800
    1.955156    91.727000    91.727000   183.104900
    1.962908    94.319200    94.319200   188.612300
    1.970659    96.865700    96.865700   194.055000
    1.978411    99.362800    99.362800   199.427100
    1.986163   101.806700   101.806700   204.722600
    1.993914   104.193400   104.193400   209.935800
    2.001666   106.519100   106.519100   215.061100
    2.009417   108.780000   108.780000   220.093000
    2.017169   110.972400   110.972400   225.026300
    2.024920   113.092800   113.092800   229.855800
    2.032672   115.137600   115.137600   234.576700
    2.040423   117.103700   117.103700   239.184600
    2.048175   118.988100   118.988100   243.675300
    2.055927   120.788200   120.788200   248.044700
    2.063678   122.501600   122.501600   252.289400
    2.071430   124.126100   124.126100   256.406000
    2.079181   125.660100   125.660100   260.391800
    2.086933   127.102400   127.102400   264.244100
    2.094684   128.452000   128.452000   267.960900
    2.102436   129.708600   129.708600   271.540300
    2.110187   130.872300   130.872300   274.981000
    2.117939   131.943400   131.943400   278.281900
    2.125690   132.923200   132.923200   281.442400
    2.133442   133.813000   133.813000   284.462200
    2.141194   134.614900   134.614900   287.341100
    2.148945   135.331400   135.331400   290.079700
    2.156697   135.965500   135.965500   292.678500
    2.164448   136.520700   136.520700   295.138500
    2.172200   137.000700   137.000700   297.460800
    2.179951   137.409900   137.409900   299.646900
    2.187703   137.752900   137.752900   301.698400
    2.195454   138.034700   138.034700   303.617000
    2.203206   138.260500   138.260500   305.404700
    2.210958   138.435900   138.435900   307.063600
    2.218709   138.566400   138.566400   308.595700
    2.226461   138.657800   138.657800   310.003300
    2.234212   138.715700   138.715700   311.288500
    2.241964   138.745800   138.745800   312.453300
    2.249715   138.753700   138.753700   313.500100
    2.257467   138.744600   138.744600   314.430600
    2.265218   138.723500   138.723500   315.246800
    2.272970   138.695100   138.695100   315.950500
    2.280721   138.663600   138.663600   316.543100
    2.288473   138.632500   138.632500   317.026100
    2.296225   138.605100   138.605100   317.400500
    2.303976   138.583700   138.583700   317.667200
    2.311728   138.570100   138.570100   317.827100
    2.319479   138.565500   138.565500   317.880300
