   1.82409742736438       4.242925428073865E-002 -2.060469695746340E-013
  2.627531981054959E-013 -9.646417779047028E-015 -6.343017063751202E-015
  8.088852938176113E-015 -2.970205732325480E-016  2.998586892721726E-004
 -3.458497074407182E-016  4.410788547606107E-016 -1.616477675352482E-017
  1.583133629305333E-017 -2.018802444616877E-017  7.413523522239483E-019
   1.15044100420067       2.638916596590998E-012 -6.556106918318197E-012
  4.448628101270796E-002  7.896582701923117E-014 -1.961805150735597E-013
   1.73430933393837       1.120918641109645E-011  7.896582701895525E-014
  0.103793179929219       3.354168071761819E-013   1.73430933391688     
 -1.961805150862415E-013  3.354179049308892E-013  0.103793179927933     
  4.729839985371793E-004  2.587742270747079E-015 -6.428989882547168E-015
  1.700685877285082E-003  1.099181780751061E-014  1.700685877264014E-003
   1.82409742736438       4.242925428073865E-002  2.060469695769088E-013
 -2.627528728447246E-013  9.641322029115175E-015  6.343017064319888E-015
 -8.088832609346175E-015  2.970646190372793E-016  2.998586892721726E-004
  3.458497068692043E-016 -4.410703844262014E-016  1.616477676504379E-017
 -1.583133629906129E-017  2.018815679516050E-017 -7.412200031072665E-019
   1.15044100420067       2.638916596605636E-012 -6.556106918288816E-012
  4.448628101270796E-002  7.896582701917940E-014 -1.961805150738879E-013
   1.73430933393837       1.120917966193844E-011  7.896582701926544E-014
  0.103793179929219       3.354166852033784E-013   1.73430933391688     
 -1.961805150868942E-013  3.354172205282532E-013  0.103793179927933     
  4.729839985371793E-004  2.587742270747436E-015 -6.428989882563877E-015
  1.700685877285082E-003  1.099184237146453E-014  1.700685877264014E-003
