0.000000000000000000e+00 0.000000000000000000e+00 6.624515149184826039e-07 2.749952702061981304e-06
1.178511661952620117e-02 4.558829923678397122e+00 4.559328940403307939e+00 8.796420120761123229e+00
2.357023338047380123e-02 9.116763258997320207e+00 9.117928424848557256e+00 1.758447534938050083e+01
3.535535000000000067e-02 1.367284815471155923e+01 1.367463559216036018e+01 2.635605672499486474e+01
4.714046661952620010e-02 1.822613007986974409e+01 1.822851857902903916e+01 3.510294384469284523e+01
5.892558338047380190e-02 2.277560730590235494e+01 2.277857774153348913e+01 4.381698565904230946e+01
7.071070000000000133e-02 2.732021984924744018e+01 2.732375147859798048e+01 5.249010627512866023e+01
8.249581661952620770e-02 3.185883669682235819e+01 3.186290618789235651e+01 6.111432158319702523e+01
9.428093338047380256e-02 3.639024298927954248e+01 3.639482416685961397e+01 6.968175583231651160e+01
1.060660500000000089e-01 4.091312795121914547e+01 4.091819179962745068e+01 7.818465804540787190e+01
1.178511666195262153e-01 4.542607419414982672e+01 4.543158897535683138e+01 8.661541891587573616e+01
1.296362833804738102e-01 4.992754751740776697e+01 4.993347895135798353e+01 9.496658620968193532e+01
1.414214000000000027e-01 5.441588778666419302e+01 5.442219927020449433e+01 1.032308795317853054e+02
1.532065166195262229e-01 5.888930144742963080e+01 5.889595429964795414e+01 1.114012052670163513e+02
1.649916333804738178e-01 6.334585476180968300e+01 6.335280848834369749e+01 1.194706698241569143e+02
1.767767500000000103e-01 6.778346830670719214e+01 6.779068087789939057e+01 1.274325920491971544e+02
1.885618666195262028e-01 7.219991324587614656e+01 7.220734138481103059e+01 1.352805155964870210e+02
2.003469833804737976e-01 7.659280843522749649e+01 7.660040791225014800e+01 1.430082194597252112e+02
2.121321000000000179e-01 8.095961885854187301e+01 8.096734478928456724e+01 1.506097275153828718e+02
2.239172166195262104e-01 8.529765586054803350e+01 8.530546300476576960e+01 1.580793178368872702e+02
2.357023333804738052e-01 8.960407821493527081e+01 8.961192127362151894e+01 1.654115300680183509e+02
2.474874499999999977e-01 9.387589448592021313e+01 9.388372839439385587e+01 1.726011716893438290e+02
2.592725666195262457e-01 9.810996710732335657e+01 9.811774732214060180e+01 1.796433239026073068e+02
2.710576833804738128e-01 1.023030172060350793e+02 1.023106999837452378e+02 1.865333455221189922e+02
2.828428000000000053e-01 1.064516305948588553e+02 1.064591732608110703e+02 1.932668756843451376e+02
2.946279166195262533e-01 1.105522653199727188e+02 1.105596265255295663e+02 1.998398360654018688e+02
3.064130333804738204e-01 1.146012597929883157e+02 1.146083997596967663e+02 2.062484311087999060e+02
3.181981500000000129e-01 1.185948419045760858e+02 1.186017226540159015e+02 2.124891470488495031e+02
3.299832666195262054e-01 1.225291394707693229e+02 1.225357250389370734e+02 2.185587503831297340e+02
3.417683833804738280e-01 1.264001910598234986e+02 1.264064476951188993e+02 2.244542844205068377e+02
3.535535000000000205e-01 1.302039575734978030e+02 1.302098539175279939e+02 2.301730646616052240e+02
3.653386166195262685e-01 1.339363349034373414e+02 1.339418421539648705e+02 2.357126736281163346e+02
3.771237333804738356e-01 1.375931667430112952e+02 1.375982587985836574e+02 2.410709539001780115e+02
3.889088500000000281e-01 1.411702579087220499e+02 1.411749114946392751e+02 2.462460000876310744e+02
4.006939666195262206e-01 1.446633884635937193e+02 1.446675832389432799e+02 2.512361503137487375e+02
4.124790833804738432e-01 1.480683277690019679e+02 1.480720464147044595e+02 2.560399761094184328e+02
4.242642000000000357e-01 1.513808488007641984e+02 1.513840770886477003e+02 2.606562714096017430e+02
4.360493166195262282e-01 1.545967429941308637e+02 1.545994698370956826e+02 2.650840411915235677e+02
4.478344333804737953e-01 1.577118348026048693e+02 1.577140522861445504e+02 2.693224887943451336e+02
4.596195500000000433e-01 1.607219962877439627e+02 1.607236996831220210e+02 2.733710025744999257e+02
4.714046666195261803e-01 1.636231619759141722e+02 1.636243497353200951e+02 2.772291423944855637e+02
4.831897833804738585e-01 1.664113432363747336e+02 1.664120169705650198e+02 2.808966251264320704e+02
4.949748999999999954e-01 1.690826424773779877e+02 1.690828069163146097e+02 2.843733097820287981e+02
5.067600166195261879e-01 1.716329303026459741e+02 1.716332673656431496e+02 2.876591827208282552e+02
5.185451333804738105e-01 1.740587166228360161e+02 1.740595444027447343e+02 2.907543422562064848e+02
5.303302500000000030e-01 1.763566273249036556e+02 1.763579321317972699e+02 2.936589832214678495e+02
5.421153666195263066e-01 1.785232688063792921e+02 1.785250341467121871e+02 2.963733818962709279e+02
5.539004833804738182e-01 1.805554046336108627e+02 1.805576113251938466e+02 2.988978807438732019e+02
5.656856000000000106e-01 1.824499672322861272e+02 1.824525935321842098e+02 3.012328734644452766e+02
5.774707166195262031e-01 1.842040691857372678e+02 1.842070909303333792e+02 3.033787907048919124e+02
5.892558333804738258e-01 1.858150136572189410e+02 1.858184044135724378e+02 3.053360859975784933e+02
6.010409500000000182e-01 1.872803041526360630e+02 1.872840353802975812e+02 3.071052223665824954e+02
6.128260666195262107e-01 1.885976537221729359e+02 1.886016949446307081e+02 3.086866598729193925e+02
6.246111833804738334e-01 1.897649932180022461e+02 1.897693122028444748e+02 3.100808437822117298e+02
6.363963000000000259e-01 1.907804787909605295e+02 1.907850417378684824e+02 3.112881937169348703e+02
6.481814166195262183e-01 1.916424986845969727e+02 1.916472704203006856e+02 3.123090939860311437e+02
6.599665333804738410e-01 1.923496790496027700e+02 1.923546232288547060e+02 3.131438848755308868e+02
6.717516500000000335e-01 1.929008889249381582e+02 1.929059682365989943e+02 3.137928551766306100e+02
6.835367666195262260e-01 1.932952444027113188e+02 1.933004207800413781e+02 3.142562360565368067e+02
6.953218833804738486e-01 1.935321118091761150e+02 1.935373466433834153e+02 3.145341961465162512e+02
7.071070000000000411e-01 1.936111100091784465e+02 1.936163643653039799e+02 3.146268380306574386e+02
7.154403359787412375e-01 1.936106918623420086e+02 1.937157132738578582e+02 3.146013124674734058e+02
7.237736717574824175e-01 1.936017536584900824e+02 1.940207044480550849e+02 3.145247135270919330e+02
7.321070077362237249e-01 1.935866117969844424e+02 1.945268159830294792e+02 3.143969745987423039e+02
7.404403437149650324e-01 1.935650437320580295e+02 1.952306353476705283e+02 3.142179851801064387e+02
7.487736794937062124e-01 1.935366962223373548e+02 1.961275105248596162e+02 3.139875916366959245e+02
7.571070154724475199e-01 1.935011141281091227e+02 1.972116009824952982e+02 3.137055982367186289e+02
7.654403514511887163e-01 1.934577454296927215e+02 1.984759693711810939e+02 3.133717685328307994e+02
7.737736872299298962e-01 1.934059447395936786e+02 1.999126884300829374e+02 3.129858269836373097e+02
7.821070232086710927e-01 1.933449769553547242e+02 2.015129574946484468e+02 3.125474608274423645e+02
7.904403591874124002e-01 1.932740213005758960e+02 2.032672240961707928e+02 3.120563223088406630e+02
7.987736949661535801e-01 1.931921757589272772e+02 2.051653075825814767e+02 3.115120310793814724e+02
8.071070309448948876e-01 1.930984618888459750e+02 2.071965212509683170e+02 3.109141768136710766e+02
8.154403669236360841e-01 1.929918300103782371e+02 2.093497897134652419e+02 3.102623221722827225e+02
8.237737027023773750e-01 1.928711646922539558e+02 2.116137600891693467e+02 3.095560058607234168e+02
8.321070386811185715e-01 1.927352905103166165e+02 2.139769050145636413e+02 3.087947458560969949e+02
8.404403746598598790e-01 1.925829780694509452e+02 2.164276158005505408e+02 3.079780429655743319e+02
8.487737104386011699e-01 1.924129501959072854e+02 2.189542860981021875e+02 3.071053843934194560e+02
8.571070464173423664e-01 1.922238882757209808e+02 2.215453854370611282e+02 3.061762474202706130e+02
8.654403823960836739e-01 1.920144387438202784e+02 2.241895222006293409e+02 3.051901033937234047e+02
8.737737181748248538e-01 1.917832196108067251e+02 2.268754975575179742e+02 3.041464216337383846e+02
8.821070541535661613e-01 1.915288270142202691e+02 2.295923504548751168e+02 3.030446733906529744e+02
8.904403901323074688e-01 1.912498418178930137e+02 2.323293938109876535e+02 3.018843360920108125e+02
8.987737259110486487e-01 1.909448361245565025e+02 2.350762438913049266e+02 3.006648974075820320e+02
9.071070618897899562e-01 1.906123797048290953e+02 2.378228431415957971e+02 2.993858593065432387e+02
9.154403978685312637e-01 1.902510463903916786e+02 2.405594767060651975e+02 2.980467423822654496e+02
9.237737336472724436e-01 1.898594202711520609e+02 2.432767846166717334e+02 2.966470898988977751e+02
9.321070696260138622e-01 1.894361017200214690e+02 2.459657697958789981e+02 2.951864717719186615e+02
9.404404056047550586e-01 1.889797133212425706e+02 2.486178019670785488e+02 2.936644887991761266e+02
9.487737413834963496e-01 1.884889055118815406e+02 2.512246192559937299e+02 2.920807765203373947e+02
9.571070773622376571e-01 1.879623619838213244e+02 2.537783274103223619e+02 2.904350089570738191e+02
9.654404133409788535e-01 1.873988049530808553e+02 2.562713965588961287e+02 2.887269025932288855e+02
9.737737491197201445e-01 1.867970000702419213e+02 2.586966570383380031e+02 2.869562198961769468e+02
9.821070850984613410e-01 1.861557610454485143e+02 2.610472940283495404e+02 2.851227726749430644e+02
9.904404210772027595e-01 1.854739541274674650e+02 2.633168407836363372e+02 2.832264256823345363e+02
9.987737568559438284e-01 1.847505021688246529e+02 2.654991717333292627e+02 2.812670996986771002e+02
1.007107092834685247e+00 1.839843883784260470e+02 2.675884950149334145e+02 2.792447744920233390e+02
1.015440428813426443e+00 1.831746599348577149e+02 2.695793438647580160e+02 2.771594924074930191e+02
1.023773764592167623e+00 1.823204311448692749e+02 2.714665648637449635e+02 2.750113648001295132e+02
1.032107100570908820e+00 1.814208862778076252e+02 2.728003656509607140e+02 2.732455186523563953e+02
1.040440436549650016e+00 1.804752822834019241e+02 2.705272508654512649e+02 2.749111548259333517e+02
1.048773772328391196e+00 1.794829510247624285e+02 2.681918724500552571e+02 2.764596917535026819e+02
1.057107108307132615e+00 1.784433011878329580e+02 2.657947460279958136e+02 2.778870428554813543e+02
1.065440444285873811e+00 1.773558201090460784e+02 2.633363337089476772e+02 2.791895276135239214e+02
1.073773780064614991e+00 1.762200750961267204e+02 2.608171700057519047e+02 2.803637392950513458e+02
1.082107116043356188e+00 1.750357144346868949e+02 2.582378649066228036e+02 2.814065353603137964e+02
1.090440452022097384e+00 1.738024683565188866e+02 2.555991053118199545e+02 2.823150297353365659e+02
1.098773787800838564e+00 1.725201494844275771e+02 2.529016554112204744e+02 2.830865857916430741e+02
1.107107123779579760e+00 1.711886529783553499e+02 2.501463567161794685e+02 2.837188094996155883e+02
1.115440459758321179e+00 1.698079566924153880e+02 2.473341284014192070e+02 2.842095426127023643e+02
1.123773795537062359e+00 1.683781207955223636e+02 2.444659668023386416e+02 2.845568561969436132e+02
1.132107131515803555e+00 1.668992871129714217e+02 2.415429446234824695e+02 2.847590442495725256e+02
1.140440467494544752e+00 1.653716785315553466e+02 2.385662105103984914e+02 2.848146173966122774e+02
1.148773803273285932e+00 1.637955978578992529e+02 2.355369877470374718e+02 2.847222968094412749e+02
1.157107139252027128e+00 1.621714264201512492e+02 2.324565726710896740e+02 2.844810081757676130e+02
1.165440475230768325e+00 1.604996227875999750e+02 2.293263334928086579e+02 2.840898758141763096e+02
1.173773811009509505e+00 1.587807209351439894e+02 2.261477082108272043e+02 2.835482168834813592e+02
1.182107146988250923e+00 1.570153281754453189e+02 2.229222022555266562e+02 2.828555356172616939e+02
1.190440482966992120e+00 1.552041232639970190e+02 2.196513865770489247e+02 2.820115177735598877e+02
1.198773818745733299e+00 1.533478539426450880e+02 2.163368948081976839e+02 2.810160250588697863e+02
1.207107154724474496e+00 1.514473342766113149e+02 2.129804201688702960e+02 2.798690895554790927e+02
1.215440490703215692e+00 1.495034422193219541e+02 2.095837128573612631e+02 2.785709084435306977e+02
1.223773826481956872e+00 1.475171166115347035e+02 2.061485765013472076e+02 2.771218385832486888e+02
1.232107162460698069e+00 1.454893540011987909e+02 2.026768643685966538e+02 2.755223910870807345e+02
1.240440498439439487e+00 1.434212057455470131e+02 1.991704761073875432e+02 2.737732262736234361e+02
1.248773834218180667e+00 1.413137745461020529e+02 1.956313535385771161e+02 2.718751483751406681e+02
1.257107170196921864e+00 1.391682108332126688e+02 1.920614762297689708e+02 2.698291002296448369e+02
1.265440506175663060e+00 1.369857094866949012e+02 1.884628576423990296e+02 2.676361584478917166e+02
1.273773841954404240e+00 1.347675059914381563e+02 1.848375403301187134e+02 2.652975282351364399e+02
1.282107177933145437e+00 1.325148724732292749e+02 1.811875909460594301e+02 2.628145381991947147e+02
1.290440513911886633e+00 1.302291141240987145e+02 1.775150958667524606e+02 2.601886357307193975e+02
1.298773849690627813e+00 1.279115650688592041e+02 1.738221558754324008e+02 2.574213819468346856e+02
1.307107185669369231e+00 1.255635841448464447e+02 1.701108806859878371e+02 2.545144466286101874e+02
1.315440521648110428e+00 1.231865511243882594e+02 1.663833841284283039e+02 2.514696038301988494e+02
1.323773857426851608e+00 1.207818623895933996e+02 1.626417784113150731e+02 2.482887269667963608e+02
1.332107193405592804e+00 1.183509265560530679e+02 1.588881682625383291e+02 2.449737839083655331e+02
1.340440529384334001e+00 1.158951605925759338e+02 1.551246457786452879e+02 2.415268328446188661e+02
1.348773865163075181e+00 1.134159854098976297e+02 1.513532843795605629e+02 2.379500175504813342e+02
1.357107201141816377e+00 1.109148214371088557e+02 1.475761326865734873e+02 2.342455626722358772e+02
1.365440537120557796e+00 1.083930847478099935e+02 1.437952091595865909e+02 2.304157698827715706e+02
1.373773872899298976e+00 1.058521826778551684e+02 1.400124958805843960e+02 2.264630133644484999e+02
1.382107208878040172e+00 1.032935094729160568e+02 1.362299323140817933e+02 2.223897353292119021e+02
1.390440544856781369e+00 1.007184425400207886e+02 1.324494098830167559e+02 2.181984425021544212e+02
1.398773880635522548e+00 9.812833821935315370e+01 1.286727657457050213e+02 2.138917018645802557e+02
1.407107216614263745e+00 9.552452763118829182e+01 1.249017766138963026e+02 2.094721364512766399e+02
1.415440552593004941e+00 9.290831318148040907e+01 1.211381534497917158e+02 2.049424222004880960e+02
1.423773888371746121e+00 9.028096462208485207e+01 1.173835354343153483e+02 2.003052839993184193e+02
1.432107224350487540e+00 8.764371523408830456e+01 1.136394840523138896e+02 1.955634917995287196e+02
1.440440560329228736e+00 8.499775872435392898e+01 1.099074781290542830e+02 1.907198578687880968e+02
1.448773896107969916e+00 8.234424571575830498e+01 1.061889082240580677e+02 1.857772331766457796e+02
1.457107232086711113e+00 7.968428041000002793e+01 1.024850712298053566e+02 1.807385038652767832e+02
1.465440568065452531e+00 7.701891801689338024e+01 9.879716600332235998e+01 1.756065889306988197e+02
1.473773903844193711e+00 7.434916181928704759e+01 9.512628845612968576e+01 1.703844369807561918e+02
1.482107239822934908e+00 7.167596045955507122e+01 9.147342694782999217e+01 1.650750230895438335e+02
1.490440575801676326e+00 6.900020604261887058e+01 8.783945880197502731e+01 1.596813469285572182e+02
1.498773911580417506e+00 6.632273191666942580e+01 8.422514639291564720e+01 1.542064299188823782e+02
1.507107247559158703e+00 6.364431072118185284e+01 8.063113364203387334e+01 1.486533124880352261e+02
1.515440583537900121e+00 6.096565329551670231e+01 7.705794372921994295e+01 1.430250526602051480e+02
1.523773919316641301e+00 5.828740730378154211e+01 7.350597649297024816e+01 1.373247236136228651e+02
1.532107255295382719e+00 5.561015616577542175e+01 6.997550634535160441e+01 1.315554113467732122e+02
1.540440591274123916e+00 5.293441888305948595e+01 6.646668149097821754e+01 1.257202137245227362e+02
1.548773927052865096e+00 5.026064961191720926e+01 6.297952294691364017e+01 1.198222384390035415e+02
1.557107263031606514e+00 4.758923756998606791e+01 5.951392417167733129e+01 1.138646010791662491e+02
1.565440599010347933e+00 4.492050785903004595e+01 5.606965207143158381e+01 1.078504246162490006e+02
1.573773934789089113e+00 4.225472205248949109e+01 5.264634790011336918e+01 1.017828377530982067e+02
1.582107270767830531e+00 3.959207912861492673e+01 4.924352883747959453e+01 9.566497337748479879e+01
1.590440606746571728e+00 3.693271732320548040e+01 4.586059098771316656e+01 8.949996845676817259e+01
1.598773942525312908e+00 3.427671574757492579e+01 4.249681232955046539e+01 8.329096274711625369e+01
1.607107278504054104e+00 3.162409634418213855e+01 3.915135637207953323e+01 7.704109759774448207e+01
1.615440614482795523e+00 2.897482674410710501e+01 3.582327722994463670e+01 7.075351621170162275e+01
1.623773950261536703e+00 2.632882286839293329e+01 3.251152465652330648e+01 6.443136267417327190e+01
1.632107286240278121e+00 2.368595183500857004e+01 2.921494975551921769e+01 5.807778106353690362e+01
1.640440622219019318e+00 2.104603572353202168e+01 2.593231205435155218e+01 5.169591602575232514e+01
1.648773957997760498e+00 1.840885503125417344e+01 2.266228647934677909e+01 4.528891207510378791e+01
1.657107293976501694e+00 1.577415236024261702e+01 1.940347091852177641e+01 3.885991297006537337e+01
1.665440629955242891e+00 1.314163684531726872e+01 1.615439502642287906e+01 3.241206257073429242e+01
1.673773965733984070e+00 1.051098805136398973e+01 1.291352880703317219e+01 2.594850444525953748e+01
1.682107301712725489e+00 7.881859487581346357e+00 9.679291624502402769e+00 1.947238175396178761e+01
1.690440637691466685e+00 5.253880292081827719e+00 6.450062249053478247e+00 1.298683962448221685e+01
1.698773973470207865e+00 2.626636048319880512e+00 3.224188247012444108e+00 6.495034553715158587e+00
1.707107309448949062e+00 0.000000000000000000e+00 6.624516002399363626e-07 2.749952713429430695e-06
1.714858861637136078e+00 2.641407115672067096e+00 2.641582235261020539e+00 6.124679049966547772e+00
1.722610413825323539e+00 5.283219126808938348e+00 5.283448743707460871e+00 1.224761362700117040e+01
1.730361966135985030e+00 7.925437110195325374e+00 7.925775049204450973e+00 1.836727329735117564e+01
1.738113518324172491e+00 1.056831956362548119e+01 1.056876978985364701e+01 2.448198769103640160e+01
1.745865070512359507e+00 1.321207051817343370e+01 1.321263258977159616e+01 3.059009295619328128e+01
1.753616622700546746e+00 1.585686740351579793e+01 1.585754003894370712e+01 3.668991837520115951e+01
1.761368175011208459e+00 1.850285915372864665e+01 1.850364072521906422e+01 4.277978287714962846e+01
1.769119727199395475e+00 2.115016154940889592e+01 2.115105018449037289e+01 4.885799219471146415e+01
1.776871279387582714e+00 2.379885272000860752e+01 2.379984633278231954e+01 5.492283731623888343e+01
1.784622831575769730e+00 2.644896834039091971e+01 2.645006464877211272e+01 6.097259214001918792e+01
1.792374383886431666e+00 2.910049729592594403e+01 2.910169383696367973e+01 6.700551183168408897e+01
1.800125936074618904e+00 3.175337736153715085e+01 3.175467150762132817e+01 7.301983073000567970e+01
1.807877488262805921e+00 3.440749159484726505e+01 3.440888057136790223e+01 7.901376133035788030e+01
1.815629040450993159e+00 3.706266462776167714e+01 3.706414553216990271e+01 8.498549244611695030e+01
1.823380592761654873e+00 3.971865954441890523e+01 3.972022936650976277e+01 9.093318807993729536e+01
1.831132144949842111e+00 4.237517485640672277e+01 4.237683049959616710e+01 9.685498587687652616e+01
1.838883697138029127e+00 4.503184225752669789e+01 4.503358056091555994e+01 1.027489966706293956e+02
1.846635249326216588e+00 4.768822432674702583e+01 4.769004208774116194e+01 1.086133032497851048e+02
1.854386801636878079e+00 5.034381285591572208e+01 5.034570685319931727e+01 1.144459598524816215e+02
1.862138353825065096e+00 5.299802730125382766e+01 5.299999431789764515e+01 1.202449912779629528e+02
1.869889906013252556e+00 5.565021402993683353e+01 5.565225087644405733e+01 1.260083930946236990e+02
1.877641458201439573e+00 5.829964552017560209e+01 5.830174905723977474e+01 1.317341311047715635e+02
1.885393010512101508e+00 6.094552018141703087e+01 6.094768734218465767e+01 1.374201415420107253e+02
1.893144562700288525e+00 6.358696228553232288e+01 6.358919009714601600e+01 1.430643309113571888e+02
1.900896114888475541e+00 6.622302266942227789e+01 6.622530827363277695e+01 1.486645769116148585e+02
1.908647667076663001e+00 6.885267936271773692e+01 6.885502003533034099e+01 1.542187286433292002e+02
1.916399219264850018e+00 7.147483875619458615e+01 7.147723192512876267e+01 1.597246074510617291e+02
1.924150771575511953e+00 7.408833708821120467e+01 7.409078034994904272e+01 1.651800079441065066e+02
1.931902323763698970e+00 7.669194202946866312e+01 7.669443316366316310e+01 1.705826987681687967e+02
1.939653875951886208e+00 7.928435497018540445e+01 7.928689195222311525e+01 1.759304244161878898e+02
1.947405428140073225e+00 8.186421316797721204e+01 8.186679417927852853e+01 1.812209063507239364e+02
1.955156980450734938e+00 8.443009240032135665e+01 8.443271583619608123e+01 1.864518448109502060e+02
1.962908532638922177e+00 8.698050961393678904e+01 8.698317408882152790e+01 1.916209202865931047e+02
1.970660084827109415e+00 8.951392620291666447e+01 8.951663055286267934e+01 1.967257959774056530e+02
1.978411637015296654e+00 9.202875108738679444e+01 9.203149436968629971e+01 2.017641195790088204e+02
1.986163189325958367e+00 9.452334422331179553e+01 9.452612571320706536e+01 2.067335257087148079e+02
1.993914741514145383e+00 9.699602004655721998e+01 9.699883923101344863e+01 2.116316379975295945e+02
2.001666293702332400e+00 9.944505146510260829e+01 9.944790803369346577e+01 2.164560720989960600e+02
2.009417845890519416e+00 1.018686735939975847e+02 1.018715674269943889e+02 2.212044380364198162e+02
2.017169398201181352e+00 1.042650878460961366e+02 1.042680189999217362e+02 2.258743431338942287e+02
2.024920950389368368e+00 1.066324658987028613e+02 1.066354345889638751e+02 2.304633946088803782e+02
2.032672502577555829e+00 1.089689541266328945e+02 1.089719607090062539e+02 2.349692030001266403e+02
2.040424054765742845e+00 1.112726777287115709e+02 1.112757226780020403e+02 2.393893849457932106e+02
2.048175607076404336e+00 1.135417451373131428e+02 1.135448290250450185e+02 2.437215664800339709e+02
2.055927159264591797e+00 1.157742522542223469e+02 1.157773757251549824e+02 2.479633859852027058e+02
2.063678711452778813e+00 1.179682870732231379e+02 1.179714508212051243e+02 2.521124978875432703e+02
2.071430263640966274e+00 1.201219339586464656e+02 1.201251387022186918e+02 2.561665757172671078e+02
2.079181815951627765e+00 1.222332781390566083e+02 1.222365245972144550e+02 2.601233156150457830e+02
2.086933368139814782e+00 1.243004099884610127e+02 1.243036988569579222e+02 2.639804394892906316e+02
2.094684920328002242e+00 1.263214296178821172e+02 1.263247615464410103e+02 2.677356988172027741e+02
2.102436472516189259e+00 1.282944510984528677e+02 1.282978266691929434e+02 2.713868778290155319e+02
2.110188024826851194e+00 1.302176068371684039e+02 1.302210265445253015e+02 2.749317970622720395e+02
2.117939577015038211e+00 1.320890517125083079e+02 1.320925159448653119e+02 2.783683165652514049e+02
2.125691129203225227e+00 1.339069674474536100e+02 1.339104764706619335e+02 2.816943396389747249e+02
2.133442681391412243e+00 1.356695666024864693e+02 1.356731205453897076e+02 2.849078159877074086e+02
2.141194233579599260e+00 1.373750966373505662e+02 1.373786954793904158e+02 2.880067451128742846e+02
2.148945785890260751e+00 1.390218438745270078e+02 1.390254874354611445e+02 2.909891796477108983e+02
2.156697338078447768e+00 1.406081372327564623e+02 1.406118251644774091e+02 2.938532284012903233e+02
2.164448890266634784e+00 1.421323521108117802e+02 1.421360838912332838e+02 2.965970598052443847e+02
2.172200442454821800e+00 1.435929138936541847e+02 1.435966888225924549e+02 2.992189048118895016e+02
2.179951994765483292e+00 1.449883014882259431e+02 1.449921186851921959e+02 3.017170599853609474e+02
2.187703546953670308e+00 1.463170505940736916e+02 1.463209089978690258e+02 3.040898902582337087e+02
2.195455099141857325e+00 1.475777570572400350e+02 1.475816554272480801e+02 3.063358319810350281e+02
2.203206651330044785e+00 1.487690798605452756e+02 1.487730167795941156e+02 3.084533954675819132e+02
2.210958203640706277e+00 1.498897440952934232e+02 1.498937179739686485e+02 3.104411676563650531e+02
2.218709755828893737e+00 1.509385436709049202e+02 1.509425527531853675e+02 3.122978144560174201e+02
2.226461308017080754e+00 1.519143440430898409e+02 1.519183864131937298e+02 3.140220832748206021e+02
2.234212860205267770e+00 1.528160846019077326e+02 1.528201581922226922e+02 3.156128050998896697e+02
2.241964412515929705e+00 1.536427809965283018e+02 1.536468835965197286e+02 3.170688966185339837e+02
2.249715964704116722e+00 1.543935272084153212e+02 1.543976564744015718e+02 3.183893620500795691e+02
2.257467516892303738e+00 1.550674975807159228e+02 1.550716510464153544e+02 3.195732950554245804e+02
2.265219069080490755e+00 1.556639485394065900e+02 1.556681236271566320e+02 3.206198802595699817e+02
2.272970621391152246e+00 1.561822202098740036e+02 1.561864142424379622e+02 3.215283947467211192e+02
2.280722173579339707e+00 1.566217377989784154e+02 1.566259480118527563e+02 3.222982093001558042e+02
2.288473725767526723e+00 1.569820128737848108e+02 1.569862364279345286e+02 3.229287896175105175e+02
2.296225277955714184e+00 1.572626443712237290e+02 1.572668783661671625e+02 3.234196972114793880e+02
2.303976830266375675e+00 1.574633194655506259e+02 1.574675609527282916e+02 3.237705902187406650e+02
2.311728382454563135e+00 1.575838142241670994e+02 1.575880602205249943e+02 3.239812239957699944e+02
2.319479934642750152e+00 1.576239941039843302e+02 1.576282416057119349e+02 3.240514515930649395e+02
