0.000000000000000000e+00 0.000000000000000000e+00 0.000000000000000000e+00 0.000000000000000000e+00 9.010028383923533966e+02 1.545954020194921213e+03 1.545966050455903769e+03
1.154700403784462114e-02 3.127938216140525363e+00 1.950634262617382220e+01 3.280123221526018540e+01 9.009334198313597426e+02 1.545798774441548858e+03 1.546132315025203980e+03
2.309400807568924227e-02 6.321318583688853465e+00 3.901266869149926464e+01 6.558962981390445179e+01 9.007247185227712407e+02 1.545297299008256687e+03 1.546663411934132455e+03
3.464101211353386167e-02 9.643406273916422577e+00 5.851852785447734817e+01 9.835223161283492743e+01 9.003753992174491714e+02 1.544462217912742517e+03 1.547536493215102155e+03
4.618801615137848454e-02 1.315340134775387604e+01 7.802261243125575163e+01 1.310758274215339725e+02 8.998832420053103078e+02 1.543294648914342588e+03 1.548733668646003935e+03
5.773502018922310741e-02 1.690504486716992361e+01 9.752235319192541851e+01 1.637468431179221682e+02 8.992451508473570811e+02 1.541796248799895693e+03 1.550230353243496211e+03
6.928202422706772334e-02 2.094580333483491685e+01 1.170135436703455696e+02 1.963512370683460802e+02 8.984571660547143210e+02 1.539969304017499098e+03 1.551995710140220581e+03
8.082902826491235315e-02 2.531659405936329321e+01 1.364900007684199750e+02 2.288744110863008245e+02 8.975144812158945342e+02 1.537816842062129354e+03 1.553993198011663026e+03
9.237603230275696908e-02 3.005193477155927440e+01 1.559432682743304497e+02 2.613011387884300802e+02 8.964114651714453430e+02 1.535342761116177599e+03 1.556181206975845726e+03
1.039230363406015850e-01 3.518037136009635191e+01 1.753623685433964567e+02 2.936155137313783712e+02 8.951416897022705825e+02 1.532551974393522642e+03 1.558513765601200930e+03
1.154700403784462148e-01 4.072504770040744404e+01 1.947336061859919312e+02 3.258009191893160050e+02 8.936979636307642068e+02 1.529450565158407699e+03 1.560941300630489422e+03
1.270170444162908308e-01 4.670431273365191061e+01 2.140404262580180159e+02 3.578400208748022919e+02 8.920723740309350660e+02 1.526045948014626902e+03 1.563411430714952985e+03
1.385640484541354467e-01 5.313229607369984109e+01 2.332633282358361555e+02 3.897147833322984525e+02 8.902563352054285133e+02 1.522347031750606902e+03 1.565869775816509673e+03
1.501110524919800904e-01 6.001941479827450365e+01 2.523798360457496983e+02 4.214065101599069294e+02 8.882406460163812199e+02 1.518364378765067158e+03 1.568260764883298634e+03
1.616580565298247341e-01 6.737279703245822304e+01 2.713645236539542793e+02 4.528959076545743869e+02 8.860155560583268652e+02 1.514110355869457862e+03 1.570528425817672087e+03
1.732050605676693222e-01 7.519662254230117071e+01 2.901890952302699702e+02 4.841631709406821642e+02 8.835708410417072400e+02 1.509599271051634105e+03 1.572617143508566414e+03
1.847520646055139659e-01 8.349238856479099979e+01 3.088225186806724878e+02 5.151880911408641168e+02 8.808958876238151561e+02 1.504847490577689541e+03 1.574472373666736303e+03
1.962990686433586096e-01 9.225911255664098576e+01 3.272312113777652485e+02 5.459501816882443563e+02 8.779797877906366921e+02 1.499873530599644482e+03 1.576041302266905177e+03
2.078460726812031978e-01 1.014934841889127881e+02 3.453792771627630032e+02 5.764288214661037273e+02 8.748114427698895952e+02 1.494698117230087973e+03 1.577273442467594805e+03
2.193930767190478415e-01 1.111899780030506264e+02 3.632287940829221498e+02 6.066034120980677926e+02 8.713796763556921405e+02 1.489344208859061382e+03 1.578121162869734690e+03
2.309400807568924852e-01 1.213409364898366363e+02 3.807401527795233278e+02 6.364535464016465767e+02 8.676733574627687631e+02 1.483836974359428496e+03 1.578540142832493302e+03
2.424870847947370733e-01 1.319366314376856906e+02 3.978724458485995683e+02 6.659591847619414011e+02 8.636815317183265961e+02 1.478203720811593030e+03 1.578489752252939979e+03
2.540340888325817170e-01 1.429653094757148324e+02 4.145839087345944449e+02 6.951008359816544271e+02 8.593935619595571325e+02 1.472473764556527158e+03 1.577933354716504482e+03
2.655810928704263607e-01 1.544132259245116074e+02 4.308324126451853431e+02 7.238597390189813723e+02 8.547992776535329540e+02 1.466678239860736994e+03 1.576838534233926794e+03
2.771280969082709489e-01 1.662646693924475869e+02 4.465760094397779199e+02 7.522180419370657773e+02 8.498891335172289700e+02 1.460849840370347920e+03 1.575177246904730737e+03
2.886751009461155926e-01 1.785019779960106234e+02 4.617735272897191408e+02 7.801589743581982930e+02 8.446543780178112684e+02 1.455022489977754958e+03 1.572925899802350159e+03
3.002221049839602363e-01 1.911055465850027986e+02 4.763852139924404128e+02 8.076670097433578803e+02 8.390872330159389776e+02 1.449230941852780006e+03 1.570065360181557253e+03
3.117691090218048799e-01 2.040538228389404765e+02 4.903734220389484904e+02 8.331810866243050668e+02 8.347280139102655312e+02 1.443510307304325352e+03 1.566580898786774469e+03
3.233161130596495236e-01 2.173232884658100090e+02 5.037033258447721664e+02 8.269307025264112099e+02 8.613293763000233412e+02 1.437895519884378928e+03 1.562462071611889542e+03
3.348631170974941118e-01 2.308884198417399602e+02 5.163436570217457984e+02 8.203324503752414785e+02 8.874601208730613280e+02 1.432420744677787297e+03 1.557702544948631612e+03
3.464101211353387555e-01 2.447216200968759665e+02 5.282674383924596668e+02 8.133845643258853215e+02 9.131109934579473020e+02 1.427118747864027227e+03 1.552299868978943550e+03
3.579571251731833992e-01 2.587931116251695585e+02 5.394526919972889800e+02 8.060874392730876252e+02 9.382745230969350132e+02 1.422020247060770544e+03 1.546255205531158936e+03
3.695041292110280429e-01 2.730707739151089868e+02 5.498830911545824165e+02 7.984439787227250918e+02 9.629450550065480456e+02 1.417153268168555996e+03 1.539573015940857658e+03
3.810511332488726866e-01 2.875199059470831457e+02 5.595485223960971553e+02 7.904600137584970980e+02 9.871187533619919350e+02 1.412542538795659539e+03 1.532260715241925254e+03
3.925981372867173302e-01 3.021028844252937233e+02 5.684455205841899215e+02 7.821448206636293889e+02 1.010793572562394388e+03 1.408208951138079556e+03 1.524328299165804992e+03
4.041451413245619184e-01 3.167786776983007826e+02 5.765775404752755549e+02 7.735117762777185817e+02 1.033969196171170324e+03 1.404169127732870720e+03 1.515787950649484401e+03
4.156921453624065621e-01 3.315021587448806031e+02 5.839550310177402253e+02 7.645792067777953207e+02 1.056646943286598798e+03 1.400435121262018811e+03 1.506653632748160817e+03
4.272391494002512058e-01 3.462231367047280628e+02 5.905952850559253875e+02 7.553715096116591212e+02 1.078829642664108633e+03 1.397014274319534024e+03 1.496940675023770154e+03
4.387861534380958495e-01 3.608849918105264010e+02 5.965220467388961652e+02 7.459206630784408389e+02 1.100521475444541011e+03 1.393909256922963777e+03 1.486665360654954839e+03
4.503331574759404932e-01 3.754227489069355670e+02 6.017648712330155831e+02 7.362682878619531266e+02 1.121727787770881605e+03 1.391118289141335254e+03 1.475844521735091121e+03
4.618801615137851369e-01 3.897603552905108018e+02 6.063582453287067437e+02 7.264684944044582835e+02 1.142454874761182054e+03 1.388635544493458610e+03 1.464495150605161371e+03
4.734271655516296695e-01 4.038068369571951166e+02 6.103404919531948281e+02 7.165918417737735808e+02 1.162709736955941025e+03 1.386451717950257262e+03 1.452634035872306413e+03
4.849741695894743132e-01 4.174509020290262242e+02 6.137524951083872793e+02 7.067308390946034251e+02 1.182499808802344887e+03 1.384554731693340500e+03 1.440277433638614411e+03
4.965211736273189569e-01 4.305534842258326762e+02 6.166362931303397090e+02 6.970074966075030716e+02 1.201832654277400479e+03 1.382930543295679627e+03 1.427440789086812629e+03
5.080681776651635451e-01 4.429378081781576952e+02 6.190335965034394121e+02 6.875833445580909711e+02 1.220715612616568933e+03 1.381564015372180620e+03 1.414138535724389840e+03
5.196151817030081332e-01 4.543771618687463274e+02 6.209842912533648587e+02 6.786717346808952698e+02 1.239155342103926841e+03 1.380439802955231471e+03 1.400384034766464083e+03
5.311621857408527214e-01 4.645824298858429415e+02 6.225249900996327597e+02 6.705503706829280191e+02 1.257157095163234544e+03 1.379543207349818204e+03 1.386189839524326771e+03
5.427091897786973096e-01 4.731957374391732856e+02 6.236876913304198524e+02 6.635677178859380092e+02 1.274723099295036945e+03 1.371568794349296240e+03 1.378861081686506623e+03
5.542561938165418978e-01 4.798036548280330749e+02 6.244986002602307735e+02 6.581298424554802295e+02 1.291846909288437246e+03 1.356539643267465408e+03 1.378382220963041391e+03
5.658031978543865970e-01 4.839885695404870489e+02 6.249771607409890066e+02 6.546490731510888281e+02 1.308475966444481628e+03 1.341163759318968914e+03 1.378098368097101456e+03
5.773502018922311851e-01 4.854251688075532343e+02 6.251353351141209487e+02 6.534475428726085511e+02 1.322309918900775756e+03 1.327746924211455962e+03 1.378004335758207390e+03
5.840168653344891547e-01 4.854145981966706245e+02 6.254602078317259384e+02 6.534205179069937230e+02 1.322197153651639610e+03 1.327682985582822539e+03 1.377938496963754687e+03
5.906835287767470133e-01 4.853831714606434957e+02 6.264332383225810190e+02 6.533393528346366566e+02 1.321859079254052176e+03 1.327491293588645703e+03 1.377741208167570676e+03
5.973501922190049829e-01 4.853317426769979761e+02 6.280496895387192353e+02 6.532037775892165428e+02 1.321296359634733108e+03 1.327172217586081160e+03 1.377413153034867491e+03
6.040168556612628414e-01 4.852617312610344698e+02 6.303017518044413237e+02 6.530133435912448476e+02 1.320510100941050950e+03 1.326726365477450827e+03 1.376955473990417659e+03
6.106835191035208110e-01 4.851751158737331480e+02 6.331786673031787132e+02 6.527674260341289028e+02 1.319501850987433045e+03 1.326154572290417946e+03 1.376369776587920796e+03
6.173501825457786696e-01 4.850744258512535225e+02 6.366668973800284448e+02 6.524652270637666334e+02 1.318273598565601333e+03 1.325457884434087646e+03 1.375658135413162199e+03
6.240168459880366392e-01 4.849627301165686504e+02 6.407503262579083412e+02 6.521057798311417173e+02 1.316827772706284122e+03 1.324637539885834258e+03 1.374823101296478626e+03
6.306835094302944977e-01 4.848436235255153406e+02 6.454104936887497388e+02 6.516879533926207841e+02 1.315167242008842322e+03 1.323694944651973628e+03 1.373867709530818502e+03
6.373501728725524673e-01 4.847212105935402633e+02 6.506268483696989051e+02 6.512104584956512099e+02 1.313295314187175791e+03 1.322631645945262562e+03 1.372795488701002569e+03
6.440168363148103259e-01 4.846000865462767706e+02 6.506718536709604450e+02 6.563770143920971805e+02 1.311215736016348728e+03 1.321449302635836375e+03 1.371610469625572250e+03
6.506834997570681844e-01 4.844853156371676164e+02 6.500705533291354641e+02 6.626370609444394404e+02 1.308932693905597489e+03 1.320149653661070715e+03 1.370317193793281149e+03
6.573501631993260430e-01 4.843824066793481506e+02 6.494048347644122714e+02 6.693817708552918475e+02 1.306450815371143790e+03 1.318734485224167656e+03 1.368920720541789706e+03
6.640168266415840126e-01 4.842972857472075816e+02 6.486728472212450924e+02 6.765848981310838326e+02 1.303775171738087465e+03 1.317205597768868302e+03 1.367426632078577086e+03
6.706834900838418712e-01 4.842362660160269456e+02 6.478726209484773335e+02 6.842194108539681565e+02 1.300911282466505781e+03 1.315564773883162161e+03 1.365841035288821104e+03
6.773501535260997297e-01 4.842060147261615271e+02 6.470020769058529595e+02 6.922577141108442902e+02 1.297865121575214062e+03 1.313813748448265869e+03 1.364170559122094119e+03
6.840168169683576993e-01 4.842135172816163049e+02 6.460590369524003336e+02 7.006718494908764114e+02 1.294643126730209133e+03 1.311954182494726410e+03 1.362422346214634217e+03
6.906834804106155579e-01 4.842660385218031820e+02 6.450412344602709709e+02 7.094336685245530134e+02 1.291252211677355945e+03 1.309987642333200256e+03 1.360604037308955185e+03
6.973501438528734164e-01 4.843710812396501524e+02 6.439463252952576795e+02 7.185149782585749563e+02 1.287699782834579764e+03 1.307915585564502408e+03 1.358723747006066105e+03
7.040168072951312750e-01 4.845363420589092129e+02 6.427718991045024950e+02 7.278876578159257633e+02 1.283993761023117713e+03 1.305739355508469771e+03 1.356790029461181803e+03
7.106834707373892446e-01 4.847696648280509635e+02 6.415154908517896502e+02 7.375237452612373090e+02 1.280142609516627772e+03 1.303460185388978744e+03 1.354811832846296284e+03
7.173501341796471031e-01 4.850789917368282431e+02 6.401745925411217968e+02 7.473954943698788611e+02 1.276155369828798030e+03 1.301079213242878495e+03 1.352798441782505051e+03
7.240167976219049617e-01 4.854723124135847456e+02 6.387466650700787341e+02 7.574754009850706780e+02 1.272041706953723860e+03 1.298597507966605690e+03 1.350759407508543291e+03
7.306834610641629313e-01 4.859576113153591450e+02 6.372291501555856712e+02 7.677361985451000237e+02 1.267811966128949507e+03 1.296016106181443547e+03 1.348704466293653013e+03
7.373501245064207898e-01 4.865428137774379707e+02 6.356194822762622607e+02 7.781508220795769830e+02 1.263477243620336139e+03 1.293336058724532450e+03 1.346643447484988428e+03
7.440167879486787594e-01 4.872357311424393060e+02 6.339151005773555880e+02 7.886923395172749451e+02 1.259049474542528515e+03 1.290558484631924330e+03 1.344586173527894289e+03
7.506834513909367290e-01 4.880440054394293270e+02 6.321134606864013676e+02 7.993338485271150375e+02 1.254541541339210198e+03 1.287684629580359797e+03 1.342542355203275292e+03
7.573501148331945876e-01 4.889750541289010357e+02 6.302120463901183030e+02 8.100483363399172276e+02 1.249967407259662650e+03 1.284715925025526303e+03 1.340521486060361894e+03
7.640167782754525572e-01 4.900360154676377533e+02 6.282083811256394483e+02 8.208084990911100931e+02 1.245342279978141960e+03 1.281654043844422631e+03 1.338532740457173304e+03
7.706834417177104157e-01 4.912336950764777157e+02 6.261000392419318814e+02 8.315865162210038761e+02 1.240682811385898276e+03 1.278500948256953052e+03 1.336584879655915302e+03
7.773501051599682743e-01 4.925745143119235649e+02 6.238846569901256771e+02 8.423537744416556734e+02 1.236007340480538005e+03 1.275258926209576885e+03 1.334686170013860874e+03
7.840167686022262439e-01 4.940644610478267396e+02 6.215599432044812147e+02 8.530805348631978404e+02 1.231336187056531344e+03 1.271930613221763224e+03 1.332844316491667769e+03
7.906834320444841024e-01 4.957090434647293478e+02 6.191236896387384832e+02 8.637355363122487688e+02 1.226692004325441758e+03 1.268518997822478013e+03 1.331066413572414831e+03
7.973500954867419610e-01 4.975132474212260263e+02 6.165737809256792161e+02 8.742855280954457839e+02 1.222100198244512285e+03 1.265027409984110591e+03 1.329358914400489766e+03
8.040167589289999306e-01 4.994814979436730482e+02 6.139082041308222415e+02 8.846947271722792721e+02 1.217589419500137183e+03 1.261459493220544118e+03 1.327727617684628740e+03
8.106834223712577892e-01 5.016176253181643574e+02 6.111250578742016160e+02 8.949241990446629416e+02 1.213192129638850247e+03 1.257819162095792990e+03 1.326177670822403798e+03
8.173500858135156477e-01 5.039248362030519957e+02 6.082225609972232405e+02 9.049311703954419954e+02 1.208945234014027847e+03 1.254110547677420300e+03 1.324713586906861792e+03
8.240167492557735063e-01 5.064056901029778146e+02 6.051990607545142211e+02 9.146682971330568535e+02 1.204890758502901008e+03 1.250337933913649522e+03 1.323339272821003988e+03
8.306834126980313648e-01 5.090620814587181826e+02 6.020530405135685896e+02 9.240829373190359775e+02 1.201076521051116515e+03 1.246505688024083611e+03 1.322058065503056923e+03
8.373500761402893344e-01 5.118952275137083916e+02 5.987831269477485421e+02 9.331165180811708524e+02 1.197556709407926519e+03 1.242618187827393513e+03 1.320872773619216332e+03
8.440167395825471930e-01 5.149056620209030370e+02 5.953880967108810864e+02 9.417041414826808250e+02 1.194392220488557314e+03 1.238679748567433307e+03 1.319785722228602026e+03
8.506834030248050516e-01 5.180932347557525190e+02 5.918668825842197521e+02 9.497746443131522938e+02 1.191650546753510525e+03 1.234694551330259401e+03 1.318798798479920606e+03
8.573500664670630211e-01 5.214571167056539025e+02 5.882185790889857344e+02 9.572513982951949174e+02 1.189404923420947625e+03 1.230666574647090329e+03 1.317913496862857301e+03
8.640167299093208797e-01 5.249958107162115084e+02 5.844424475599869311e+02 9.640541794903099344e+02 1.187732407996692473e+03 1.226599530413093362e+03 1.317130962990760736e+03
8.706833933515787383e-01 5.287071672926799693e+02 5.805379206779858805e+02 9.701023952735919238e+02 1.186710603975554477e+03 1.222496804861298415e+03 1.316452035277508230e+03
8.773500567938367078e-01 5.325884051832580326e+02 5.765046064605351148e+02 9.753197681108816823e+02 1.186412929639861204e+03 1.218361405048286997e+03 1.315877284173072667e+03
8.840167202360945664e-01 5.366361363111424225e+02 5.723422917128916652e+02 9.796401980111136254e+02 1.186902710099250498e+03 1.214195911194788323e+03 1.315407048837071216e+03
8.906833836783524250e-01 5.408463945755639770e+02 5.680509449424650938e+02 9.830140135692284957e+02 1.188226882175398487e+03 1.210002435547613686e+03 1.315041471265526980e+03
8.973500471206102835e-01 5.452146680087494133e+02 5.636307187421568869e+02 9.854133708852561995e+02 1.190410549715433717e+03 1.205782590972233947e+03 1.314780527956776268e+03
9.040167105628682531e-01 5.497359337536540806e+02 5.590819516521255537e+02 9.868354565141905823e+02 1.193453703543496658e+03 1.201537498935318354e+03 1.314624059223468294e+03
9.106833740051261117e-01 5.544044001684305840e+02 5.544054646634530172e+02 9.873025833259511046e+02 1.197244337093318109e+03 1.197354516959487910e+03 1.314571796244195639e+03
9.240166951161266073e-01 5.446698550189890966e+02 5.641613392127445650e+02 9.855655478506885174e+02 1.188660463781160388e+03 1.207375344390727605e+03 1.314778864624981907e+03
9.373500162271271030e-01 5.344342077700555365e+02 5.744311983631731664e+02 9.807200004743343698e+02 1.179936089829982620e+03 1.220017693464634931e+03 1.315397805110776062e+03
9.506833373381277097e-01 5.237084874925984650e+02 5.851580555829348214e+02 9.733590727963584186e+02 1.171085513730280809e+03 1.234628224505394201e+03 1.316424792129139632e+03
9.640166584491283164e-01 5.125066226248696921e+02 5.962812922825524993e+02 9.640196413888542111e+02 1.162081071057122472e+03 1.250638593015556580e+03 1.317856074395159794e+03
9.773499795601288120e-01 5.008454299803787535e+02 6.077378516252676945e+02 9.531297347187227160e+02 1.152885624756631842e+03 1.267585565615784162e+03 1.319688267456005633e+03
9.906833006711293077e-01 4.887445200049461391e+02 6.194634054546623929e+02 9.410075848620140277e+02 1.143453284632690384e+03 1.285111786841988987e+03 1.321918464677816928e+03
1.004016621782129803e+00 4.762261785912889991e+02 6.313934135180334124e+02 9.278808613366436475e+02 1.133730409478347383e+03 1.302946583226199436e+03 1.324544165182403049e+03
1.017349942893130299e+00 4.633152276714692448e+02 6.434640620866241534e+02 9.139088311723578499e+02 1.123656879346431879e+03 1.320883978679724351e+03 1.327563083002034546e+03
1.030683264004130795e+00 4.500388668716918801e+02 6.556130770575909992e+02 8.992011818956366369e+02 1.113167592061482310e+03 1.330972102637398621e+03 1.338764929931872075e+03
1.044016585115131290e+00 4.364264985536548807e+02 6.677804127068505977e+02 8.838323906890369699e+02 1.102194120456278142e+03 1.334768600329844048e+03 1.356461703298254861e+03
1.057349906226131786e+00 4.225095385842511746e+02 6.799088215465989151e+02 8.678522602268357105e+02 1.090666454693597416e+03 1.338947360017049959e+03 1.373870575843872984e+03
1.070683227337132282e+00 4.083212151729632637e+02 6.919443134699060920e+02 8.512935660400296456e+02 1.078514748641032611e+03 1.343501724879757830e+03 1.390903310777917568e+03
1.084016548448132777e+00 3.938963580951102585e+02 7.038365138446062019e+02 8.341776338464935634e+02 1.065670991584584726e+03 1.348422508661207758e+03 1.407483096605113587e+03
1.097349869559133273e+00 3.792711805803205039e+02 7.155389307631212432e+02 8.165184538765828393e+02 1.052070536257572940e+03 1.353697610351460298e+03 1.423541421951755410e+03
1.110683190670133769e+00 3.644830560895225631e+02 7.270091415473632424e+02 7.983257548888278734e+02 1.037653429573493440e+03 1.359311722035509774e+03 1.439016081982214928e+03
1.124016511781134264e+00 3.495702921305343125e+02 7.382089080846606066e+02 7.796073244223548500e+02 1.022365511054936860e+03 1.365246187502777047e+03 1.453849964440131089e+03
1.137349832892134760e+00 3.345719031716315612e+02 7.491042298150561010e+02 7.603707679262944339e+02 1.006159262974744706e+03 1.371479016379100358e+03 1.467990394375476853e+03
1.150683154003135256e+00 3.195273846034062331e+02 7.406248367210097285e+02 7.596653423425694882e+02 9.889944132726878934e+02 1.377985042397679990e+03 1.481388882443312923e+03
1.164016475114135751e+00 3.044764895708168524e+02 7.203804136398701985e+02 7.698666687601242984e+02 9.708383057689919724e+02 1.384736203730556781e+03 1.494001164593432577e+03
1.177349796225136247e+00 2.894590103476004970e+02 6.996512184093327278e+02 7.796867300285484816e+02 9.516660613742151327e+02 1.391701917096627540e+03 1.505787449594544796e+03
1.190683117336136743e+00 2.745145657521396743e+02 6.784542776355631304e+02 7.891080199409470879e+02 9.314605590138723983e+02 1.398849515236267507e+03 1.516712810170358807e+03
1.204016438447137238e+00 2.596823959041114449e+02 6.568101930616866184e+02 7.981168496592431438e+02 9.102122665219764031e+02 1.406144718502916930e+03 1.526747666807276573e+03
1.217349759558137734e+00 2.450011653907988318e+02 6.347432346604796294e+02 8.067031662344113556e+02 8.879189507505559504e+02 1.413552114757867457e+03 1.535868322623552103e+03
1.230683080669138230e+00 2.305087756451738699e+02 6.122812805172266053e+02 8.148603491049309469e+02 8.645852935522287908e+02 1.421035626462848768e+03 1.544057514422984696e+03
1.244016401780138725e+00 2.162421870271782325e+02 5.894556225049410614e+02 8.225849882113626563e+02 8.402224369408736493e+02 1.428558949002753707e+03 1.551304950066373749e+03
1.257349722891139221e+00 2.022372507349666648e+02 5.663006548481218942e+02 8.148474772281349487e+02 8.298766470818534344e+02 1.436085949223849639e+03 1.557607806146178518e+03
1.270683044002139717e+00 1.885285502400966777e+02 5.428534614448210505e+02 7.884829246806198171e+02 8.367376139983430221e+02 1.443581017557861969e+03 1.562971163014886315e+03
1.284016365113140212e+00 1.751492514210925719e+02 5.191533170411414631e+02 7.611561423881200881e+02 8.431726441955930795e+02 1.451009370731286253e+03 1.567408356746120035e+03
1.297349686224140708e+00 1.621309599373790320e+02 4.952411168891105717e+02 7.328987757832761645e+02 8.491886958257538254e+02 1.458337304887113532e+03 1.570941229779283731e+03
1.310683007335141204e+00 1.495035836057620884e+02 4.711587492861908117e+02 7.037461823874309630e+02 8.547946623297971200e+02 1.465532401020196176e+03 1.573600263954184129e+03
1.324016328446141699e+00 1.372951965672623373e+02 4.469484253435690562e+02 6.737368700103254469e+02 8.600011036808984954e+02 1.472563686045262784e+03 1.575424581503780018e+03
1.337349649557142195e+00 1.255319008016819282e+02 4.226519804281216466e+02 6.429119505691293170e+02 8.648199788397234897e+02 1.479401753695584603e+03 1.576461801456905960e+03
1.350682970668142691e+00 1.142376789805882282e+02 3.983101619420677366e+02 6.113146158902353591e+02 8.692643816139096771e+02 1.486018849907963840e+03 1.576767740924964301e+03
1.364016291779143186e+00 1.034342306477151112e+02 3.739619184138404648e+02 5.789896412100243879e+02 8.733482819607044121e+02 1.492388927492668927e+03 1.576405953025691588e+03
1.377349612890143682e+00 9.314078116399116425e+01 3.496437052327299853e+02 5.459829215301285785e+02 8.770862746072677965e+02 1.498487674805745428e+03 1.575447095851425502e+03
1.390682934001144178e+00 8.337384963687057393e+01 3.253888227136699243e+02 5.123410454510913041e+02 8.804933366873972318e+02 1.504292522909019453e+03 1.573968130030138809e+03
1.404016255112144673e+00 7.414695809104844670e+01 3.012268024553358146e+02 4.781109105628183897e+02 8.835845959074981693e+02 1.509782635377327779e+03 1.572051346148882203e+03
1.417349576223145169e+00 6.547025946979414357e+01 2.771828580646605928e+02 4.433393838804258280e+02 8.863751105607893805e+02 1.514938884535843954e+03 1.569783227673950478e+03
1.430682897334145665e+00 5.735005700375435111e+01 2.532774161586281139e+02 4.080730101611133023e+02 8.888796625105098883e+02 1.519743817514110333e+03 1.567253160024604540e+03
1.444016218445146160e+00 4.978818294160156910e+01 2.295257430017259139e+02 3.723577702121310153e+02 8.911125640644870600e+02 1.524181615109138875e+03 1.564552002086046059e+03
1.457349539556146656e+00 4.278120255204130018e+01 2.059376810743775650e+02 3.362388905007846347e+02 8.930874794696742356e+02 1.528238046072077168e+03 1.561770542547797959e+03
1.470682860667147152e+00 3.631941336125986197e+01 1.825175081812926976e+02 2.997607045111690240e+02 8.948172615711572462e+02 1.531900419079986250e+03 1.558997869795438874e+03
1.484016181778147647e+00 3.038562592848635191e+01 1.592639293104886349e+02 2.629665653712548874e+02 8.963138040106566677e+02 1.535157534330408225e+03 1.556319690336702251e+03
1.497349502889148143e+00 2.495374988157351837e+01 1.361702082967381386e+02 2.258988083158670293e+02 8.975879091892124961e+02 1.537999636401563976e+03 1.553816636486533071e+03
1.510682824000148639e+00 1.998727716901763785e+01 1.132244424393174569e+02 1.885987605781753871e+02 8.986491720913559220e+02 1.540418369749253316e+03 1.551562608784718805e+03
1.524016145111149134e+00 1.543785835512430538e+01 9.040997865958964042e+01 1.511067953392596621e+02 8.995058799665131346e+02 1.542406737937056278e+03 1.549623201879926683e+03
1.537349466222149408e+00 1.124429545506759531e+01 6.770596472779651265e+01 1.134624254401042975e+02 9.001649277892503278e+02 1.543959067285235278e+03 1.548054264026486408e+03
1.550682787333149903e+00 7.332383068692776895e+00 4.508802379002612781e+01 7.570443170018008061e+01 9.006317493735796234e+02 1.545070974000926526e+03 1.546900640580530762e+03
1.564016108444150399e+00 3.616039791950008464e+00 2.252903519906246288e+01 3.787101991968663128e+01 9.009102639967634332e+02 1.545739312297926745e+03 1.546195169429820908e+03
1.577349429555150895e+00 0.000000000000000000e+00 0.000000000000000000e+00 0.000000000000000000e+00 9.010028383923533966e+02 1.545954020194921213e+03 1.545966050455903769e+03
