    0.000000    -0.000000    -0.000000     0.000000   902.216900  1609.016600  1609.016600
    0.011547    11.687000    17.857500    35.092900   902.047700  1608.880100  1608.984000
    0.023094    23.370200    35.704900    70.163300   901.540100  1608.470700  1608.885600
    0.034641    35.045600    53.532500   105.189000   900.695200  1607.789300  1608.720200
    0.046188    46.709500    71.330100   140.147500   899.514200  1606.837600  1608.485900
    0.057736    58.357900    89.087600   175.016600   897.999200  1605.617500  1608.179700
    0.069283    69.987200   106.795000   209.774300   896.152600  1604.131800  1607.798100
    0.080830    81.593600   124.441900   244.398500   893.977400  1602.383800  1607.336700
    0.092377    93.173400   142.018000   278.867600   891.477400  1600.377400  1606.790300
    0.103924   104.723100   159.512800   313.160100   888.656500  1598.117300  1606.152900
    0.115471   116.239200   176.915500   347.254600   885.519600  1595.608500  1605.418100
    0.127018   127.718100   194.215500   381.130300   882.071700  1592.857000  1604.578300
    0.138565   139.156500   211.401400   414.766400   878.318600  1589.869300  1603.625800
    0.150112   150.551200   228.462200   448.142700   874.266600  1586.652400  1602.551700
    0.161660   161.899000   245.386100   481.239200   869.922500  1583.214200  1601.346900
    0.173207   173.196700   262.161300   514.036400   865.293300  1579.563300  1600.001500
    0.184754   184.441300   278.775500   546.515200   860.387100  1575.708900  1598.505100
    0.196301   195.629900   295.216300   578.657000   855.211900  1571.660800  1596.846900
    0.207848   206.759600   311.470600   610.443600   849.776600  1567.429900  1595.015400
    0.219395   217.827500   327.525000   641.857500   844.090300  1563.027600  1592.998900
    0.230942   228.830700   343.365700   672.881500   838.162900  1558.466100  1590.785100
    0.242489   239.766500   358.978200   703.499100   832.004500  1553.758400  1588.361500
    0.254037   250.632000   374.347700   733.694300   825.625800  1548.918500  1585.715200
    0.265584   261.424100   389.458600   763.451800   819.038100  1543.961100  1582.832900
    0.277131   272.139900   404.294900   792.756900   812.253200  1538.901600  1579.701400
    0.288678   282.776000   418.839700   805.283400   821.595400  1533.756600  1576.306900
    0.300225   293.328800   433.075500   798.141500   849.953900  1528.543500  1572.635800
    0.311772   303.794400   446.984300   790.841300   877.819800  1523.280500  1568.674100
    0.323319   314.168300   460.546900   783.397100   905.180900  1517.986800  1564.408100
    0.334866   324.445600   473.743800   775.823900   932.025700  1512.682500  1559.823600
    0.346413   334.620200   486.554500   768.137900   958.343800  1507.388600  1554.906800
    0.357961   344.685300   498.957800   760.356400   984.125000  1502.126900  1549.643900
    0.369508   354.632600   510.931700   752.497900  1009.360100  1496.920300  1544.021200
    0.381055   364.452300   522.453600   744.582500  1034.040500  1491.792200  1538.025100
    0.392602   374.132400   533.500100   736.632500  1058.158400  1486.766800  1531.642300
    0.404149   383.658500   544.047400   728.672500  1081.706600  1481.869000  1524.859800
    0.415696   393.012700   554.071100   720.730000  1104.678500  1477.124100  1517.665100
    0.427243   402.173300   563.546600   712.836500  1127.068100  1472.557800  1510.045900
    0.438790   411.113500   572.449100   705.028100  1148.869900  1468.195900  1501.990700
    0.450337   419.800100   580.753800   697.346800  1170.078700  1464.064200  1493.488800
    0.461885   428.192100   588.436400   689.842100  1190.689700  1460.188000  1484.530200
    0.473432   436.238800   595.472700   682.572700  1210.697500  1456.592300  1475.106800
    0.484979   443.877800   601.840000   675.608100  1230.096100  1453.301000  1465.212000
    0.496526   451.033000   607.516100   669.031500  1248.877600  1450.336800  1454.842800
    0.508073   457.612700   612.480800   662.940400  1267.029800  1444.001500  1447.720800
    0.519620   463.509000   616.715600   657.448300  1284.531300  1432.700800  1445.472200
    0.531167   468.599300   620.204000   652.682300  1301.340400  1420.975000  1443.608100
    0.542714   472.751900   622.932200   648.777800  1317.362300  1408.913000  1442.142600
    0.554261   475.836500   624.889100   645.868400  1332.335600  1396.771700  1441.087500
    0.565809   477.739700   626.066500   644.069300  1345.297700  1385.510100  1440.451000
    0.577356   478.383500   626.459500   643.460100  1351.790500  1379.584300  1440.238200
    0.584023   478.411200   626.761100   643.424900  1351.707000  1379.442500  1440.360000
    0.590689   478.494400   627.664300   643.319400  1351.456800  1379.020700  1440.721600
    0.597356   478.633100   629.165300   643.143500  1351.040000  1378.329400  1441.312500
    0.604023   478.827500   631.257400   642.897300  1350.457300  1377.384700  1442.116500
    0.610690   479.077800   633.931500   642.580800  1349.709500  1376.206300  1443.113500
    0.617357   479.384200   637.176200   642.194000  1348.797400  1374.816500  1444.281000
    0.624024   479.747200   640.977700   641.737000  1347.722300  1373.237700  1445.596000
    0.630690   480.167000   641.209800   645.320200  1346.485700  1371.492000  1447.036300
    0.637357   480.644100   640.612500   650.185900  1345.089300  1369.600000  1448.580600
    0.644024   481.179000   639.945100   655.555500  1343.535000  1367.580300  1450.209700
    0.650691   481.772200   639.207800   661.408000  1341.825100  1365.449800  1451.906200
    0.657358   482.424200   638.400500   667.721200  1339.962200  1363.223100  1453.654600
    0.664025   483.135700   637.523500   674.471700  1337.948900  1360.913100  1455.441400
    0.670691   483.907300   636.576700   681.635100  1335.788700  1358.531100  1457.254400
    0.677358   484.739700   635.560200   689.186400  1333.484900  1356.086700  1459.083200
    0.684025   485.633700   634.474300   697.099800  1331.041600  1353.588400  1460.918300
    0.690692   486.589900   633.318900   705.349000  1328.463200  1351.043400  1462.751600
    0.697359   487.609100   632.094300   713.907400  1325.754400  1348.458200  1464.575600
    0.704026   488.692100   630.800500   722.747900  1322.920600  1345.838000  1466.383700
    0.710693   489.839700   629.437800   731.843200  1319.967800  1343.187800  1468.170100
    0.717359   491.052700   628.006100   741.165900  1316.902500  1340.511600  1469.929500
    0.724026   492.331800   626.505800   750.688200  1313.732000  1337.813100  1471.657100
    0.730693   493.678000   624.936900   760.382100  1310.464300  1335.095400  1473.348300
    0.737360   495.092000   623.299600   770.219400  1307.108300  1332.361200  1474.999300
    0.744027   496.574600   621.594100   780.171400  1303.673900  1329.612700  1476.606400
    0.750694   498.126500   619.820600   790.209200  1300.172100  1326.852200  1478.166100
    0.757360   499.748500   617.979200   800.303100  1296.615200  1324.081100  1479.675400
    0.764027   501.441400   616.070300   810.422800  1293.016700  1321.300900  1481.131500
    0.770694   503.205700   614.093900   820.537300  1289.391800  1318.512700  1482.531600
    0.777361   505.042300   612.050200   830.614400  1285.757500  1315.717400  1483.873500
    0.784028   506.951700   609.939600   840.620600  1282.132600  1312.915700  1485.154900
    0.790695   508.934400   607.762200   850.521100  1278.538200  1310.107800  1486.374000
    0.797362   510.991000   605.518300   860.279300  1274.997800  1307.294000  1487.528900
    0.804028   513.122000   603.208000   869.856500  1271.537300  1304.474200  1488.618200
    0.810695   515.327800   600.831700   879.212000  1268.185900  1301.648000  1489.640500
    0.817362   517.608700   598.389700   888.302500  1264.975600  1298.814800  1490.594700
    0.824029   519.965000   595.882000   897.082400  1261.941400  1295.973700  1491.480000
    0.830696   522.396900   593.309100   905.503300  1259.121700  1293.123900  1492.295800
    0.837363   524.904600   590.671300   913.514500  1256.557900  1290.263700  1493.041500
    0.844029   527.488200   587.968700   921.063300  1254.293900  1287.391800  1493.717200
    0.850696   530.147600   585.201700   928.095200  1252.375800  1284.506100  1494.322800
    0.857363   532.882700   582.370600   934.555600  1250.850500  1281.604500  1494.858800
    0.864030   535.693300   579.475600   940.390400  1249.764800  1278.684400  1495.325800
    0.870697   538.579300   576.517200   945.548400  1249.163100  1275.743200  1495.724700
    0.877364   541.540200   573.495600   949.982600  1249.086200  1272.777700  1496.056700
    0.884030   544.575700   570.411100   953.652900  1249.568400  1269.784500  1496.323500
    0.890697   547.685100   567.264100   956.527600  1250.635700  1266.759800  1496.526700
    0.897364   550.868000   564.054900   958.585700  1252.304400  1263.699500  1496.668600
    0.904031   554.123600   560.783900   959.817700  1254.579200  1260.599200  1496.751700
    0.910698   557.450900   557.451600   960.225900  1257.453500  1257.454100  1496.778700
    0.924032   550.602800   564.318700   958.636300  1251.007600  1264.921700  1496.677400
    0.937365   543.513100   571.461700   954.039200  1244.315700  1274.458800  1496.393900
    0.950699   536.185000   578.871200   946.757300  1237.326800  1285.721700  1495.962300
    0.964033   528.621500   586.536300   937.150800  1229.984700  1298.334300  1495.421700
    0.977366   520.825900   594.444800   925.568900  1222.228200  1311.935900  1494.815300
    0.990700   512.801700   602.583200   912.324200  1213.992600  1326.207000  1494.189700
    1.004034   504.552200   610.937000   897.683000  1205.210400  1340.878600  1493.594100
    1.017367   496.081000   619.490500   881.866400  1195.812500  1355.730200  1493.078500
    1.030701   487.391900   628.226800   865.056300  1185.730000  1370.584800  1492.692800
    1.044035   478.488600   637.128400   847.401800  1174.895700  1385.301200  1492.484600
    1.057368   469.374900   646.176800   829.025800  1163.245400  1399.767400  1492.498400
    1.070702   460.054800   655.352800   810.030700  1150.719900  1413.895300  1492.773500
    1.084036   450.532300   664.636500   790.502600  1137.265800  1427.615500  1493.343500
    1.097369   440.811700   674.007400   770.514900  1122.836800  1440.874100  1494.234800
    1.110703   430.897100   683.444900   750.130800  1107.393800  1453.629600  1495.466600
    1.124037   420.792800   692.927600   729.405700  1090.905800  1465.850700  1497.050500
    1.137371   410.503300   702.434000   708.388200  1073.349500  1477.514700  1498.990800
    1.150704   400.033000   687.121900   711.942600  1054.709000  1488.606000  1501.284500
    1.164038   389.386500   665.645900   721.431600  1034.975300  1499.115100  1503.922800
    1.177372   378.568500   643.995400   730.879100  1014.146100  1506.890700  1509.037800
    1.190705   367.583600   622.202800   740.263400   992.224400  1510.168900  1518.374200
    1.204039   356.436800   600.297400   749.562900   969.218600  1513.733900  1527.128600
    1.217373   345.132800   578.306100   758.756200   945.141200  1517.559000  1535.308400
    1.230706   333.676600   556.253500   767.822100   920.008800  1521.614900  1542.924300
    1.244040   322.073300   534.162100   776.739700   893.841300  1525.870600  1549.989500
    1.257374   310.327900   512.052600   785.488500   866.661300  1530.293700  1556.519600
    1.270707   298.445600   489.943600   794.048600   838.494400  1534.850900  1562.532200
    1.284041   286.431500   467.852100   802.400200   809.367900  1539.508600  1568.046600
    1.297375   274.291100   445.793200   779.311500   810.524300  1544.233000  1573.083600
    1.310709   262.029500   423.780400   748.356500   818.402300  1548.990800  1577.665300
    1.324042   249.652300   401.825500   716.536000   826.016400  1553.748900  1581.814700
    1.337376   237.164700   379.938600   683.884500   833.349400  1558.475100  1585.555700
    1.350710   224.572500   358.128200   650.437700   840.384500  1563.138000  1588.912600
    1.364043   211.881000   336.401200   616.232900   847.106000  1567.707300  1591.910000
    1.377377   199.095900   314.762900   581.308400   853.498600  1572.154000  1594.572700
    1.390711   186.222900   293.217000   545.703800   859.548200  1576.450100  1596.925300
    1.404044   173.267500   271.765500   509.459400   865.241000  1580.569400  1598.992100
    1.417378   160.235600   250.409200   472.616800   870.564400  1584.486900  1600.796700
    1.430712   147.132800   229.147300   435.218400   875.506500  1588.179300  1602.362000
    1.444045   133.965000   207.977400   397.307500   880.056400  1591.625000  1603.710100
    1.457379   120.737900   186.896100   358.928100   884.203800  1594.803900  1604.861700
    1.470713   107.457400   165.898400   320.125000   887.939700  1597.697800  1605.836200
    1.484047    94.129500   144.978200   280.943600   891.255700  1600.290400  1606.651600
    1.497380    80.759800   124.128500   241.429800   894.144500  1602.567100  1607.324000
    1.510714    67.354500   103.341100   201.630300   896.599700  1604.515200  1607.867800
    1.524048    53.919400    82.606900   161.591800   898.616000  1606.123800  1608.295400
    1.537381    40.460400    61.916300   121.361900   900.188800  1607.384200  1608.617100
    1.550715    26.983600    41.258800    80.988000   901.314700  1608.289500  1608.841000
    1.564049    13.494800    20.623800    40.518000   901.991300  1608.834600  1608.973000
    1.577382    -0.000000    -0.000000     0.000000   902.216900  1609.016600  1609.016600
