&CONTROL
  calculation = 'scf'
  prefix = 'si_sup'
  outdir = './tmp'
  pseudo_dir = '../../../pseudopotentzialak/'
  tprnfor = .true.
/
&SYSTEM
  ibrav = 0
  nat = 432
  ntyp = 1
  ecutwfc = 50
  occupations = 'fixed'
/
&ELECTRONS
  conv_thr = 1.0d-8
/
ATOMIC_SPECIES
  Si 28.086 Si_NC_PBE.upf

CELL_PARAMETERS angstrom
  -16.293000    0.000000   16.293000
    0.000000   16.293000   16.293000
  -16.293000   16.293000    0.000000

ATOMIC_POSITIONS angstrom
Si 0.000000 0.000000 0.000000
Si -1.357761 1.367761 1.357761
Si -2.715505 2.715505 0.000000
Si -4.073250 4.073250 1.357761
Si -5.430995 5.430995 0.000000
Si -6.788755 6.788755 1.357761
Si -8.146500 8.146500 0.000000
Si -9.504261 9.504261 1.357761
Si -10.862005 10.862005 0.000000
Si -12.219750 12.219750 1.357761
Si -13.577495 13.577495 0.000000
Si -14.935255 14.935255 1.357761
Si 0.000000 2.715505 2.715505
Si -1.357761 4.073250 4.073250
Si -2.715505 5.431011 2.715505
Si -4.073250 6.788739 4.073250
Si -5.430995 8.146500 2.715505
Si -6.788755 9.504245 4.073250
Si -8.146500 10.862005 2.715505
Si -9.504261 12.219750 4.073250
Si -10.862005 13.577511 2.715505
Si -12.219750 14.935239 4.073250
Si -13.577495 16.293000 2.715505
Si -14.935255 17.650745 4.073250
Si 0.000000 5.430995 5.430995
Si -1.357761 6.788755 6.788755
Si -2.715505 8.146500 5.430995
Si -4.073250 9.504245 6.788755
Si -5.430995 10.861989 5.430995
Si -6.788755 12.219750 6.788755
Si -8.146500 13.577495 5.430995
Si -9.504261 14.935255 6.788755
Si -10.862005 16.293000 5.430995
Si -12.219750 17.650745 6.788755
Si -13.577495 19.008489 5.430995
Si -14.935255 20.366250 6.788755
Si 0.000000 8.146500 8.146500
Si -1.357761 9.504261 9.504261
Si -2.715505 10.862005 8.146500
Si -4.073250 12.219750 9.504261
Si -5.430995 13.577495 8.146500
Si -6.788755 14.935255 9.504261
Si -8.146500 16.293000 8.146500
Si -9.504261 17.650761 9.504261
Si -10.862005 19.008505 8.146500
Si -12.219750 20.366250 9.504261
Si -13.577495 21.723995 8.146500
Si -14.935255 23.081755 9.504261
Si 0.000000 10.862005 10.862005
Si -1.357761 12.219750 12.219750
Si -2.715505 13.577511 10.862005
Si -4.073250 14.935239 12.219750
Si -5.430995 16.293000 10.862005
Si -6.788755 17.650745 12.219750
Si -8.146500 19.008505 10.862005
Si -9.504261 20.366250 12.219750
Si -10.862005 21.724011 10.862005
Si -12.219750 23.081739 12.219750
Si -13.577495 24.439500 10.862005
Si -14.935255 25.797245 12.219750
Si 0.000000 13.577495 13.577495
Si -1.357761 14.935255 14.935255
Si -2.715505 16.293000 13.577495
Si -4.073250 17.650745 14.935255
Si -5.430995 19.008489 13.577495
Si -6.788755 20.366250 14.935255
Si -8.146500 21.723995 13.577495
Si -9.504261 23.081755 14.935255
Si -10.862005 24.439500 13.577495
Si -12.219750 25.797245 14.935255
Si -13.577495 27.154989 13.577495
Si -14.935255 28.512750 14.935255
Si -2.715505 0.000000 2.715505
Si -4.073250 1.357761 4.073250
Si -5.431011 2.715505 2.715505
Si -6.788739 4.073250 4.073250
Si -8.146500 5.430995 2.715505
Si -9.504245 6.788755 4.073250
Si -10.862005 8.146500 2.715505
Si -12.219750 9.504261 4.073250
Si -13.577511 10.862005 2.715505
Si -14.935239 12.219750 4.073250
Si -16.293000 13.577495 2.715505
Si -17.650745 14.935255 4.073250
Si -2.715505 2.715505 5.431011
Si -4.073250 4.073250 6.788739
Si -5.431011 5.431011 5.431011
Si -6.788739 6.788739 6.788739
Si -8.146500 8.146500 5.431011
Si -9.504245 9.504245 6.788739
Si -10.862005 10.862005 5.431011
Si -12.219750 12.219750 6.788739
Si -13.577511 13.577511 5.431011
Si -14.935239 14.935239 6.788739
Si -16.293000 16.293000 5.431011
Si -17.650745 17.650745 6.788739
Si -2.715505 5.430995 8.146500
Si -4.073250 6.788755 9.504245
Si -5.431011 8.146500 8.146500
Si -6.788739 9.504245 9.504245
Si -8.146500 10.861989 8.146500
Si -9.504245 12.219750 9.504245
Si -10.862005 13.577495 8.146500
Si -12.219750 14.935255 9.504245
Si -13.577511 16.293000 8.146500
Si -14.935239 17.650745 9.504245
Si -16.293000 19.008489 8.146500
Si -17.650745 20.366250 9.504245
Si -2.715505 8.146500 10.862005
Si -4.073250 9.504261 12.219750
Si -5.431011 10.862005 10.862005
Si -6.788739 12.219750 12.219750
Si -8.146500 13.577495 10.862005
Si -9.504245 14.935255 12.219750
Si -10.862005 16.293000 10.862005
Si -12.219750 17.650761 12.219750
Si -13.577511 19.008505 10.862005
Si -14.935239 20.366250 12.219750
Si -16.293000 21.723995 10.862005
Si -17.650745 23.081755 12.219750
Si -2.715505 10.862005 13.577511
Si -4.073250 12.219750 14.935239
Si -5.431011 13.577511 13.577511
Si -6.788739 14.935239 14.935239
Si -8.146500 16.293000 13.577511
Si -9.504245 17.650745 14.935239
Si -10.862005 19.008505 13.577511
Si -12.219750 20.366250 14.935239
Si -13.577511 21.724011 13.577511
Si -14.935239 23.081739 14.935239
Si -16.293000 24.439500 13.577511
Si -17.650745 25.797245 14.935239
Si -2.715505 13.577495 16.293000
Si -4.073250 14.935255 17.650745
Si -5.431011 16.293000 16.293000
Si -6.788739 17.650745 17.650745
Si -8.146500 19.008489 16.293000
Si -9.504245 20.366250 17.650745
Si -10.862005 21.723995 16.293000
Si -12.219750 23.081755 17.650745
Si -13.577511 24.439500 16.293000
Si -14.935239 25.797245 17.650745
Si -16.293000 27.154989 16.293000
Si -17.650745 28.512750 17.650745
Si -5.430995 0.000000 5.430995
Si -6.788755 1.357761 6.788755
Si -8.146500 2.715505 5.430995
Si -9.504245 4.073250 6.788755
Si -10.861989 5.430995 5.430995
Si -12.219750 6.788755 6.788755
Si -13.577495 8.146500 5.430995
Si -14.935255 9.504261 6.788755
Si -16.293000 10.862005 5.430995
Si -17.650745 12.219750 6.788755
Si -19.008489 13.577495 5.430995
Si -20.366250 14.935255 6.788755
Si -5.430995 2.715505 8.146500
Si -6.788755 4.073250 9.504245
Si -8.146500 5.431011 8.146500
Si -9.504245 6.788739 9.504245
Si -10.861989 8.146500 8.146500
Si -12.219750 9.504245 9.504245
Si -13.577495 10.862005 8.146500
Si -14.935255 12.219750 9.504245
Si -16.293000 13.577511 8.146500
Si -17.650745 14.935239 9.504245
Si -19.008489 16.293000 8.146500
Si -20.366250 17.650745 9.504245
Si -5.430995 5.430995 10.861989
Si -6.788755 6.788755 12.219750
Si -8.146500 8.146500 10.861989
Si -9.504245 9.504245 12.219750
Si -10.861989 10.861989 10.861989
Si -12.219750 12.219750 12.219750
Si -13.577495 13.577495 10.861989
Si -14.935255 14.935255 12.219750
Si -16.293000 16.293000 10.861989
Si -17.650745 17.650745 12.219750
Si -19.008489 19.008489 10.861989
Si -20.366250 20.366250 12.219750
Si -5.430995 8.146500 13.577495
Si -6.788755 9.504261 14.935255
Si -8.146500 10.862005 13.577495
Si -9.504245 12.219750 14.935255
Si -10.861989 13.577495 13.577495
Si -12.219750 14.935255 14.935255
Si -13.577495 16.293000 13.577495
Si -14.935255 17.650761 14.935255
Si -16.293000 19.008505 13.577495
Si -17.650745 20.366250 14.935255
Si -19.008489 21.723995 13.577495
Si -20.366250 23.081755 14.935255
Si -5.430995 10.862005 16.293000
Si -6.788755 12.219750 17.650745
Si -8.146500 13.577511 16.293000
Si -9.504245 14.935239 17.650745
Si -10.861989 16.293000 16.293000
Si -12.219750 17.650745 17.650745
Si -13.577495 19.008505 16.293000
Si -14.935255 20.366250 17.650745
Si -16.293000 21.724011 16.293000
Si -17.650745 23.081739 17.650745
Si -19.008489 24.439500 16.293000
Si -20.366250 25.797245 17.650745
Si -5.430995 13.577495 19.008489
Si -6.788755 14.935255 20.366250
Si -8.146500 16.293000 19.008489
Si -9.504245 17.650745 20.366250
Si -10.861989 19.008489 19.008489
Si -12.219750 20.366250 20.366250
Si -13.577495 21.723995 19.008489
Si -14.935255 23.081755 20.366250
Si -16.293000 24.439500 19.008489
Si -17.650745 25.797245 20.366250
Si -19.008489 27.154989 19.008489
Si -20.366250 28.512750 20.366250
Si -8.146500 0.000000 8.146500
Si -9.504261 1.357761 9.504261
Si -10.862005 2.715505 8.146500
Si -12.219750 4.073250 9.504261
Si -13.577495 5.430995 8.146500
Si -14.935255 6.788755 9.504261
Si -16.293000 8.146500 8.146500
Si -17.650761 9.504261 9.504261
Si -19.008505 10.862005 8.146500
Si -20.366250 12.219750 9.504261
Si -21.723995 13.577495 8.146500
Si -23.081755 14.935255 9.504261
Si -8.146500 2.715505 10.862005
Si -9.504261 4.073250 12.219750
Si -10.862005 5.431011 10.862005
Si -12.219750 6.788739 12.219750
Si -13.577495 8.146500 10.862005
Si -14.935255 9.504245 12.219750
Si -16.293000 10.862005 10.862005
Si -17.650761 12.219750 12.219750
Si -19.008505 13.577511 10.862005
Si -20.366250 14.935239 12.219750
Si -21.723995 16.293000 10.862005
Si -23.081755 17.650745 12.219750
Si -8.146500 5.430995 13.577495
Si -9.504261 6.788755 14.935255
Si -10.862005 8.146500 13.577495
Si -12.219750 9.504245 14.935255
Si -13.577495 10.861989 13.577495
Si -14.935255 12.219750 14.935255
Si -16.293000 13.577495 13.577495
Si -17.650761 14.935255 14.935255
Si -19.008505 16.293000 13.577495
Si -20.366250 17.650745 14.935255
Si -21.723995 19.008489 13.577495
Si -23.081755 20.366250 14.935255
Si -8.146500 8.146500 16.293000
Si -9.504261 9.504261 17.650761
Si -10.862005 10.862005 16.293000
Si -12.219750 12.219750 17.650761
Si -13.577495 13.577495 16.293000
Si -14.935255 14.935255 17.650761
Si -16.293000 16.293000 16.293000
Si -17.650761 17.650761 17.650761
Si -19.008505 19.008505 16.293000
Si -20.366250 20.366250 17.650761
Si -21.723995 21.723995 16.293000
Si -23.081755 23.081755 17.650761
Si -8.146500 10.862005 19.008505
Si -9.504261 12.219750 20.366250
Si -10.862005 13.577511 19.008505
Si -12.219750 14.935239 20.366250
Si -13.577495 16.293000 19.008505
Si -14.935255 17.650745 20.366250
Si -16.293000 19.008505 19.008505
Si -17.650761 20.366250 20.366250
Si -19.008505 21.724011 19.008505
Si -20.366250 23.081739 20.366250
Si -21.723995 24.439500 19.008505
Si -23.081755 25.797245 20.366250
Si -8.146500 13.577495 21.723995
Si -9.504261 14.935255 23.081755
Si -10.862005 16.293000 21.723995
Si -12.219750 17.650745 23.081755
Si -13.577495 19.008489 21.723995
Si -14.935255 20.366250 23.081755
Si -16.293000 21.723995 21.723995
Si -17.650761 23.081755 23.081755
Si -19.008505 24.439500 21.723995
Si -20.366250 25.797245 23.081755
Si -21.723995 27.154989 21.723995
Si -23.081755 28.512750 23.081755
Si -10.862005 0.000000 10.862005
Si -12.219750 1.357761 12.219750
Si -13.577511 2.715505 10.862005
Si -14.935239 4.073250 12.219750
Si -16.293000 5.430995 10.862005
Si -17.650745 6.788755 12.219750
Si -19.008505 8.146500 10.862005
Si -20.366250 9.504261 12.219750
Si -21.724011 10.862005 10.862005
Si -23.081739 12.219750 12.219750
Si -24.439500 13.577495 10.862005
Si -25.797245 14.935255 12.219750
Si -10.862005 2.715505 13.577511
Si -12.219750 4.073250 14.935239
Si -13.577511 5.431011 13.577511
Si -14.935239 6.788739 14.935239
Si -16.293000 8.146500 13.577511
Si -17.650745 9.504245 14.935239
Si -19.008505 10.862005 13.577511
Si -20.366250 12.219750 14.935239
Si -21.724011 13.577511 13.577511
Si -23.081739 14.935239 14.935239
Si -24.439500 16.293000 13.577511
Si -25.797245 17.650745 14.935239
Si -10.862005 5.430995 16.293000
Si -12.219750 6.788755 17.650745
Si -13.577511 8.146500 16.293000
Si -14.935239 9.504245 17.650745
Si -16.293000 10.861989 16.293000
Si -17.650745 12.219750 17.650745
Si -19.008505 13.577495 16.293000
Si -20.366250 14.935255 17.650745
Si -21.724011 16.293000 16.293000
Si -23.081739 17.650745 17.650745
Si -24.439500 19.008489 16.293000
Si -25.797245 20.366250 17.650745
Si -10.862005 8.146500 19.008505
Si -12.219750 9.504261 20.366250
Si -13.577511 10.862005 19.008505
Si -14.935239 12.219750 20.366250
Si -16.293000 13.577495 19.008505
Si -17.650745 14.935255 20.366250
Si -19.008505 16.293000 19.008505
Si -20.366250 17.650761 20.366250
Si -21.724011 19.008505 19.008505
Si -23.081739 20.366250 20.366250
Si -24.439500 21.723995 19.008505
Si -25.797245 23.081755 20.366250
Si -10.862005 10.862005 21.724011
Si -12.219750 12.219750 23.081739
Si -13.577511 13.577511 21.724011
Si -14.935239 14.935239 23.081739
Si -16.293000 16.293000 21.724011
Si -17.650745 17.650745 23.081739
Si -19.008505 19.008505 21.724011
Si -20.366250 20.366250 23.081739
Si -21.724011 21.724011 21.724011
Si -23.081739 23.081739 23.081739
Si -24.439500 24.439500 21.724011
Si -25.797245 25.797245 23.081739
Si -10.862005 13.577495 24.439500
Si -12.219750 14.935255 25.797245
Si -13.577511 16.293000 24.439500
Si -14.935239 17.650745 25.797245
Si -16.293000 19.008489 24.439500
Si -17.650745 20.366250 25.797245
Si -19.008505 21.723995 24.439500
Si -20.366250 23.081755 25.797245
Si -21.724011 24.439500 24.439500
Si -23.081739 25.797245 25.797245
Si -24.439500 27.154989 24.439500
Si -25.797245 28.512750 25.797245
Si -13.577495 0.000000 13.577495
Si -14.935255 1.357761 14.935255
Si -16.293000 2.715505 13.577495
Si -17.650745 4.073250 14.935255
Si -19.008489 5.430995 13.577495
Si -20.366250 6.788755 14.935255
Si -21.723995 8.146500 13.577495
Si -23.081755 9.504261 14.935255
Si -24.439500 10.862005 13.577495
Si -25.797245 12.219750 14.935255
Si -27.154989 13.577495 13.577495
Si -28.512750 14.935255 14.935255
Si -13.577495 2.715505 16.293000
Si -14.935255 4.073250 17.650745
Si -16.293000 5.431011 16.293000
Si -17.650745 6.788739 17.650745
Si -19.008489 8.146500 16.293000
Si -20.366250 9.504245 17.650745
Si -21.723995 10.862005 16.293000
Si -23.081755 12.219750 17.650745
Si -24.439500 13.577511 16.293000
Si -25.797245 14.935239 17.650745
Si -27.154989 16.293000 16.293000
Si -28.512750 17.650745 17.650745
Si -13.577495 5.430995 19.008489
Si -14.935255 6.788755 20.366250
Si -16.293000 8.146500 19.008489
Si -17.650745 9.504245 20.366250
Si -19.008489 10.861989 19.008489
Si -20.366250 12.219750 20.366250
Si -21.723995 13.577495 19.008489
Si -23.081755 14.935255 20.366250
Si -24.439500 16.293000 19.008489
Si -25.797245 17.650745 20.366250
Si -27.154989 19.008489 19.008489
Si -28.512750 20.366250 20.366250
Si -13.577495 8.146500 21.723995
Si -14.935255 9.504261 23.081755
Si -16.293000 10.862005 21.723995
Si -17.650745 12.219750 23.081755
Si -19.008489 13.577495 21.723995
Si -20.366250 14.935255 23.081755
Si -21.723995 16.293000 21.723995
Si -23.081755 17.650761 23.081755
Si -24.439500 19.008505 21.723995
Si -25.797245 20.366250 23.081755
Si -27.154989 21.723995 21.723995
Si -28.512750 23.081755 23.081755
Si -13.577495 10.862005 24.439500
Si -14.935255 12.219750 25.797245
Si -16.293000 13.577511 24.439500
Si -17.650745 14.935239 25.797245
Si -19.008489 16.293000 24.439500
Si -20.366250 17.650745 25.797245
Si -21.723995 19.008505 24.439500
Si -23.081755 20.366250 25.797245
Si -24.439500 21.724011 24.439500
Si -25.797245 23.081739 25.797245
Si -27.154989 24.439500 24.439500
Si -28.512750 25.797245 25.797245
Si -13.577495 13.577495 27.154989
Si -14.935255 14.935255 28.512750
Si -16.293000 16.293000 27.154989
Si -17.650745 17.650745 28.512750
Si -19.008489 19.008489 27.154989
Si -20.366250 20.366250 28.512750
Si -21.723995 21.723995 27.154989
Si -23.081755 23.081755 28.512750
Si -24.439500 24.439500 27.154989
Si -25.797245 25.797245 28.512750
Si -27.154989 27.154989 27.154989
Si -28.512750 28.512750 28.512750

K_POINTS automatic
  2 2 2 0 0 0
