&CONTROL
  calculation = 'scf'
  prefix = 'si_sup'
  outdir = './tmp'
  pseudo_dir = '../../../pseudopotentzialak/'
  tprnfor = .true.
/
&SYSTEM
  ibrav = 0
  nat = 432
  ntyp = 1
  ecutwfc = 35
  occupations = 'fixed'
/
&ELECTRONS
  conv_thr = 1.0d-12
/
ATOMIC_SPECIES
  Si 28.086 Si.upf

CELL_PARAMETERS angstrom
  -16.181352    0.000000   16.181352
    0.000000   16.181352   16.181352
  -16.181352   16.181352    0.000000

ATOMIC_POSITIONS angstrom
Si 0.000000 0.000000 0.010000
Si -1.348457 1.348457 1.348457
Si -2.696897 2.696897 0.000000
Si -4.045338 4.045338 1.348457
Si -5.393779 5.393779 0.000000
Si -6.742235 6.742235 1.348457
Si -8.090676 8.090676 0.000000
Si -9.439133 9.439133 1.348457
Si -10.787573 10.787573 0.000000
Si -12.136014 12.136014 1.348457
Si -13.484455 13.484455 0.000000
Si -14.832911 14.832911 1.348457
Si 0.000000 2.696897 2.696897
Si -1.348457 4.045338 4.045338
Si -2.696897 5.393795 2.696897
Si -4.045338 6.742219 4.045338
Si -5.393779 8.090676 2.696897
Si -6.742235 9.439117 4.045338
Si -8.090676 10.787573 2.696897
Si -9.439133 12.136014 4.045338
Si -10.787573 13.484471 2.696897
Si -12.136014 14.832895 4.045338
Si -13.484455 16.181352 2.696897
Si -14.832911 17.529793 4.045338
Si 0.000000 5.393779 5.393779
Si -1.348457 6.742235 6.742235
Si -2.696897 8.090676 5.393779
Si -4.045338 9.439117 6.742235
Si -5.393779 10.787557 5.393779
Si -6.742235 12.136014 6.742235
Si -8.090676 13.484455 5.393779
Si -9.439133 14.832911 6.742235
Si -10.787573 16.181352 5.393779
Si -12.136014 17.529793 6.742235
Si -13.484455 18.878233 5.393779
Si -14.832911 20.226690 6.742235
Si 0.000000 8.090676 8.090676
Si -1.348457 9.439133 9.439133
Si -2.696897 10.787573 8.090676
Si -4.045338 12.136014 9.439133
Si -5.393779 13.484455 8.090676
Si -6.742235 14.832911 9.439133
Si -8.090676 16.181352 8.090676
Si -9.439133 17.529809 9.439133
Si -10.787573 18.878249 8.090676
Si -12.136014 20.226690 9.439133
Si -13.484455 21.575131 8.090676
Si -14.832911 22.923587 9.439133
Si 0.000000 10.787573 10.787573
Si -1.348457 12.136014 12.136014
Si -2.696897 13.484471 10.787573
Si -4.045338 14.832895 12.136014
Si -5.393779 16.181352 10.787573
Si -6.742235 17.529793 12.136014
Si -8.090676 18.878249 10.787573
Si -9.439133 20.226690 12.136014
Si -10.787573 21.575147 10.787573
Si -12.136014 22.923571 12.136014
Si -13.484455 24.272028 10.787573
Si -14.832911 25.620469 12.136014
Si 0.000000 13.484455 13.484455
Si -1.348457 14.832911 14.832911
Si -2.696897 16.181352 13.484455
Si -4.045338 17.529793 14.832911
Si -5.393779 18.878233 13.484455
Si -6.742235 20.226690 14.832911
Si -8.090676 21.575131 13.484455
Si -9.439133 22.923587 14.832911
Si -10.787573 24.272028 13.484455
Si -12.136014 25.620469 14.832911
Si -13.484455 26.968909 13.484455
Si -14.832911 28.317366 14.832911
Si -2.696897 0.000000 2.696897
Si -4.045338 1.348457 4.045338
Si -5.393795 2.696897 2.696897
Si -6.742219 4.045338 4.045338
Si -8.090676 5.393779 2.696897
Si -9.439117 6.742235 4.045338
Si -10.787573 8.090676 2.696897
Si -12.136014 9.439133 4.045338
Si -13.484471 10.787573 2.696897
Si -14.832895 12.136014 4.045338
Si -16.181352 13.484455 2.696897
Si -17.529793 14.832911 4.045338
Si -2.696897 2.696897 5.393795
Si -4.045338 4.045338 6.742219
Si -5.393795 5.393795 5.393795
Si -6.742219 6.742219 6.742219
Si -8.090676 8.090676 5.393795
Si -9.439117 9.439117 6.742219
Si -10.787573 10.787573 5.393795
Si -12.136014 12.136014 6.742219
Si -13.484471 13.484471 5.393795
Si -14.832895 14.832895 6.742219
Si -16.181352 16.181352 5.393795
Si -17.529793 17.529793 6.742219
Si -2.696897 5.393779 8.090676
Si -4.045338 6.742235 9.439117
Si -5.393795 8.090676 8.090676
Si -6.742219 9.439117 9.439117
Si -8.090676 10.787557 8.090676
Si -9.439117 12.136014 9.439117
Si -10.787573 13.484455 8.090676
Si -12.136014 14.832911 9.439117
Si -13.484471 16.181352 8.090676
Si -14.832895 17.529793 9.439117
Si -16.181352 18.878233 8.090676
Si -17.529793 20.226690 9.439117
Si -2.696897 8.090676 10.787573
Si -4.045338 9.439133 12.136014
Si -5.393795 10.787573 10.787573
Si -6.742219 12.136014 12.136014
Si -8.090676 13.484455 10.787573
Si -9.439117 14.832911 12.136014
Si -10.787573 16.181352 10.787573
Si -12.136014 17.529809 12.136014
Si -13.484471 18.878249 10.787573
Si -14.832895 20.226690 12.136014
Si -16.181352 21.575131 10.787573
Si -17.529793 22.923587 12.136014
Si -2.696897 10.787573 13.484471
Si -4.045338 12.136014 14.832895
Si -5.393795 13.484471 13.484471
Si -6.742219 14.832895 14.832895
Si -8.090676 16.181352 13.484471
Si -9.439117 17.529793 14.832895
Si -10.787573 18.878249 13.484471
Si -12.136014 20.226690 14.832895
Si -13.484471 21.575147 13.484471
Si -14.832895 22.923571 14.832895
Si -16.181352 24.272028 13.484471
Si -17.529793 25.620469 14.832895
Si -2.696897 13.484455 16.181352
Si -4.045338 14.832911 17.529793
Si -5.393795 16.181352 16.181352
Si -6.742219 17.529793 17.529793
Si -8.090676 18.878233 16.181352
Si -9.439117 20.226690 17.529793
Si -10.787573 21.575131 16.181352
Si -12.136014 22.923587 17.529793
Si -13.484471 24.272028 16.181352
Si -14.832895 25.620469 17.529793
Si -16.181352 26.968909 16.181352
Si -17.529793 28.317366 17.529793
Si -5.393779 0.000000 5.393779
Si -6.742235 1.348457 6.742235
Si -8.090676 2.696897 5.393779
Si -9.439117 4.045338 6.742235
Si -10.787557 5.393779 5.393779
Si -12.136014 6.742235 6.742235
Si -13.484455 8.090676 5.393779
Si -14.832911 9.439133 6.742235
Si -16.181352 10.787573 5.393779
Si -17.529793 12.136014 6.742235
Si -18.878233 13.484455 5.393779
Si -20.226690 14.832911 6.742235
Si -5.393779 2.696897 8.090676
Si -6.742235 4.045338 9.439117
Si -8.090676 5.393795 8.090676
Si -9.439117 6.742219 9.439117
Si -10.787557 8.090676 8.090676
Si -12.136014 9.439117 9.439117
Si -13.484455 10.787573 8.090676
Si -14.832911 12.136014 9.439117
Si -16.181352 13.484471 8.090676
Si -17.529793 14.832895 9.439117
Si -18.878233 16.181352 8.090676
Si -20.226690 17.529793 9.439117
Si -5.393779 5.393779 10.787557
Si -6.742235 6.742235 12.136014
Si -8.090676 8.090676 10.787557
Si -9.439117 9.439117 12.136014
Si -10.787557 10.787557 10.787557
Si -12.136014 12.136014 12.136014
Si -13.484455 13.484455 10.787557
Si -14.832911 14.832911 12.136014
Si -16.181352 16.181352 10.787557
Si -17.529793 17.529793 12.136014
Si -18.878233 18.878233 10.787557
Si -20.226690 20.226690 12.136014
Si -5.393779 8.090676 13.484455
Si -6.742235 9.439133 14.832911
Si -8.090676 10.787573 13.484455
Si -9.439117 12.136014 14.832911
Si -10.787557 13.484455 13.484455
Si -12.136014 14.832911 14.832911
Si -13.484455 16.181352 13.484455
Si -14.832911 17.529809 14.832911
Si -16.181352 18.878249 13.484455
Si -17.529793 20.226690 14.832911
Si -18.878233 21.575131 13.484455
Si -20.226690 22.923587 14.832911
Si -5.393779 10.787573 16.181352
Si -6.742235 12.136014 17.529793
Si -8.090676 13.484471 16.181352
Si -9.439117 14.832895 17.529793
Si -10.787557 16.181352 16.181352
Si -12.136014 17.529793 17.529793
Si -13.484455 18.878249 16.181352
Si -14.832911 20.226690 17.529793
Si -16.181352 21.575147 16.181352
Si -17.529793 22.923571 17.529793
Si -18.878233 24.272028 16.181352
Si -20.226690 25.620469 17.529793
Si -5.393779 13.484455 18.878233
Si -6.742235 14.832911 20.226690
Si -8.090676 16.181352 18.878233
Si -9.439117 17.529793 20.226690
Si -10.787557 18.878233 18.878233
Si -12.136014 20.226690 20.226690
Si -13.484455 21.575131 18.878233
Si -14.832911 22.923587 20.226690
Si -16.181352 24.272028 18.878233
Si -17.529793 25.620469 20.226690
Si -18.878233 26.968909 18.878233
Si -20.226690 28.317366 20.226690
Si -8.090676 0.000000 8.090676
Si -9.439133 1.348457 9.439133
Si -10.787573 2.696897 8.090676
Si -12.136014 4.045338 9.439133
Si -13.484455 5.393779 8.090676
Si -14.832911 6.742235 9.439133
Si -16.181352 8.090676 8.090676
Si -17.529809 9.439133 9.439133
Si -18.878249 10.787573 8.090676
Si -20.226690 12.136014 9.439133
Si -21.575131 13.484455 8.090676
Si -22.923587 14.832911 9.439133
Si -8.090676 2.696897 10.787573
Si -9.439133 4.045338 12.136014
Si -10.787573 5.393795 10.787573
Si -12.136014 6.742219 12.136014
Si -13.484455 8.090676 10.787573
Si -14.832911 9.439117 12.136014
Si -16.181352 10.787573 10.787573
Si -17.529809 12.136014 12.136014
Si -18.878249 13.484471 10.787573
Si -20.226690 14.832895 12.136014
Si -21.575131 16.181352 10.787573
Si -22.923587 17.529793 12.136014
Si -8.090676 5.393779 13.484455
Si -9.439133 6.742235 14.832911
Si -10.787573 8.090676 13.484455
Si -12.136014 9.439117 14.832911
Si -13.484455 10.787557 13.484455
Si -14.832911 12.136014 14.832911
Si -16.181352 13.484455 13.484455
Si -17.529809 14.832911 14.832911
Si -18.878249 16.181352 13.484455
Si -20.226690 17.529793 14.832911
Si -21.575131 18.878233 13.484455
Si -22.923587 20.226690 14.832911
Si -8.090676 8.090676 16.181352
Si -9.439133 9.439133 17.529809
Si -10.787573 10.787573 16.181352
Si -12.136014 12.136014 17.529809
Si -13.484455 13.484455 16.181352
Si -14.832911 14.832911 17.529809
Si -16.181352 16.181352 16.181352
Si -17.529809 17.529809 17.529809
Si -18.878249 18.878249 16.181352
Si -20.226690 20.226690 17.529809
Si -21.575131 21.575131 16.181352
Si -22.923587 22.923587 17.529809
Si -8.090676 10.787573 18.878249
Si -9.439133 12.136014 20.226690
Si -10.787573 13.484471 18.878249
Si -12.136014 14.832895 20.226690
Si -13.484455 16.181352 18.878249
Si -14.832911 17.529793 20.226690
Si -16.181352 18.878249 18.878249
Si -17.529809 20.226690 20.226690
Si -18.878249 21.575147 18.878249
Si -20.226690 22.923571 20.226690
Si -21.575131 24.272028 18.878249
Si -22.923587 25.620469 20.226690
Si -8.090676 13.484455 21.575131
Si -9.439133 14.832911 22.923587
Si -10.787573 16.181352 21.575131
Si -12.136014 17.529793 22.923587
Si -13.484455 18.878233 21.575131
Si -14.832911 20.226690 22.923587
Si -16.181352 21.575131 21.575131
Si -17.529809 22.923587 22.923587
Si -18.878249 24.272028 21.575131
Si -20.226690 25.620469 22.923587
Si -21.575131 26.968909 21.575131
Si -22.923587 28.317366 22.923587
Si -10.787573 0.000000 10.787573
Si -12.136014 1.348457 12.136014
Si -13.484471 2.696897 10.787573
Si -14.832895 4.045338 12.136014
Si -16.181352 5.393779 10.787573
Si -17.529793 6.742235 12.136014
Si -18.878249 8.090676 10.787573
Si -20.226690 9.439133 12.136014
Si -21.575147 10.787573 10.787573
Si -22.923571 12.136014 12.136014
Si -24.272028 13.484455 10.787573
Si -25.620469 14.832911 12.136014
Si -10.787573 2.696897 13.484471
Si -12.136014 4.045338 14.832895
Si -13.484471 5.393795 13.484471
Si -14.832895 6.742219 14.832895
Si -16.181352 8.090676 13.484471
Si -17.529793 9.439117 14.832895
Si -18.878249 10.787573 13.484471
Si -20.226690 12.136014 14.832895
Si -21.575147 13.484471 13.484471
Si -22.923571 14.832895 14.832895
Si -24.272028 16.181352 13.484471
Si -25.620469 17.529793 14.832895
Si -10.787573 5.393779 16.181352
Si -12.136014 6.742235 17.529793
Si -13.484471 8.090676 16.181352
Si -14.832895 9.439117 17.529793
Si -16.181352 10.787557 16.181352
Si -17.529793 12.136014 17.529793
Si -18.878249 13.484455 16.181352
Si -20.226690 14.832911 17.529793
Si -21.575147 16.181352 16.181352
Si -22.923571 17.529793 17.529793
Si -24.272028 18.878233 16.181352
Si -25.620469 20.226690 17.529793
Si -10.787573 8.090676 18.878249
Si -12.136014 9.439133 20.226690
Si -13.484471 10.787573 18.878249
Si -14.832895 12.136014 20.226690
Si -16.181352 13.484455 18.878249
Si -17.529793 14.832911 20.226690
Si -18.878249 16.181352 18.878249
Si -20.226690 17.529809 20.226690
Si -21.575147 18.878249 18.878249
Si -22.923571 20.226690 20.226690
Si -24.272028 21.575131 18.878249
Si -25.620469 22.923587 20.226690
Si -10.787573 10.787573 21.575147
Si -12.136014 12.136014 22.923571
Si -13.484471 13.484471 21.575147
Si -14.832895 14.832895 22.923571
Si -16.181352 16.181352 21.575147
Si -17.529793 17.529793 22.923571
Si -18.878249 18.878249 21.575147
Si -20.226690 20.226690 22.923571
Si -21.575147 21.575147 21.575147
Si -22.923571 22.923571 22.923571
Si -24.272028 24.272028 21.575147
Si -25.620469 25.620469 22.923571
Si -10.787573 13.484455 24.272028
Si -12.136014 14.832911 25.620469
Si -13.484471 16.181352 24.272028
Si -14.832895 17.529793 25.620469
Si -16.181352 18.878233 24.272028
Si -17.529793 20.226690 25.620469
Si -18.878249 21.575131 24.272028
Si -20.226690 22.923587 25.620469
Si -21.575147 24.272028 24.272028
Si -22.923571 25.620469 25.620469
Si -24.272028 26.968909 24.272028
Si -25.620469 28.317366 25.620469
Si -13.484455 0.000000 13.484455
Si -14.832911 1.348457 14.832911
Si -16.181352 2.696897 13.484455
Si -17.529793 4.045338 14.832911
Si -18.878233 5.393779 13.484455
Si -20.226690 6.742235 14.832911
Si -21.575131 8.090676 13.484455
Si -22.923587 9.439133 14.832911
Si -24.272028 10.787573 13.484455
Si -25.620469 12.136014 14.832911
Si -26.968909 13.484455 13.484455
Si -28.317366 14.832911 14.832911
Si -13.484455 2.696897 16.181352
Si -14.832911 4.045338 17.529793
Si -16.181352 5.393795 16.181352
Si -17.529793 6.742219 17.529793
Si -18.878233 8.090676 16.181352
Si -20.226690 9.439117 17.529793
Si -21.575131 10.787573 16.181352
Si -22.923587 12.136014 17.529793
Si -24.272028 13.484471 16.181352
Si -25.620469 14.832895 17.529793
Si -26.968909 16.181352 16.181352
Si -28.317366 17.529793 17.529793
Si -13.484455 5.393779 18.878233
Si -14.832911 6.742235 20.226690
Si -16.181352 8.090676 18.878233
Si -17.529793 9.439117 20.226690
Si -18.878233 10.787557 18.878233
Si -20.226690 12.136014 20.226690
Si -21.575131 13.484455 18.878233
Si -22.923587 14.832911 20.226690
Si -24.272028 16.181352 18.878233
Si -25.620469 17.529793 20.226690
Si -26.968909 18.878233 18.878233
Si -28.317366 20.226690 20.226690
Si -13.484455 8.090676 21.575131
Si -14.832911 9.439133 22.923587
Si -16.181352 10.787573 21.575131
Si -17.529793 12.136014 22.923587
Si -18.878233 13.484455 21.575131
Si -20.226690 14.832911 22.923587
Si -21.575131 16.181352 21.575131
Si -22.923587 17.529809 22.923587
Si -24.272028 18.878249 21.575131
Si -25.620469 20.226690 22.923587
Si -26.968909 21.575131 21.575131
Si -28.317366 22.923587 22.923587
Si -13.484455 10.787573 24.272028
Si -14.832911 12.136014 25.620469
Si -16.181352 13.484471 24.272028
Si -17.529793 14.832895 25.620469
Si -18.878233 16.181352 24.272028
Si -20.226690 17.529793 25.620469
Si -21.575131 18.878249 24.272028
Si -22.923587 20.226690 25.620469
Si -24.272028 21.575147 24.272028
Si -25.620469 22.923571 25.620469
Si -26.968909 24.272028 24.272028
Si -28.317366 25.620469 25.620469
Si -13.484455 13.484455 26.968909
Si -14.832911 14.832911 28.317366
Si -16.181352 16.181352 26.968909
Si -17.529793 17.529793 28.317366
Si -18.878233 18.878233 26.968909
Si -20.226690 20.226690 28.317366
Si -21.575131 21.575131 26.968909
Si -22.923587 22.923587 28.317366
Si -24.272028 24.272028 26.968909
Si -25.620469 25.620469 28.317366
Si -26.968909 26.968909 26.968909
Si -28.317366 28.317366 28.317366

K_POINTS automatic
  2 2 2 0 0 0
