    0.000000    -0.000000    -0.000000     0.000000   906.669700  1545.600800  1545.600800
    0.011547     3.116600    19.472100    32.798700   906.594700  1545.432800  1545.778600
    0.023094     6.291400    38.944400    65.584600   906.369200  1544.929200  1546.308300
    0.034641     9.581100    58.416700    98.344800   905.992400  1544.090500  1547.179100
    0.046188    13.039500    77.888000   131.066000   905.462400  1542.918000  1548.373000
    0.057735    16.716500    97.355900   163.734700   904.777100  1541.413300  1549.865500
    0.069282    20.657300   116.816300   196.336900   903.933400  1539.578800  1551.625800
    0.080829    24.902300   136.263200   228.858000   902.927700  1537.417800  1553.617200
    0.092376    29.486700   155.688400   261.282700   901.755500  1534.934100  1555.798300
    0.103923    34.441200   175.080900   293.595100   900.411800  1532.132900  1558.122900
    0.115470    39.791800   194.427100   325.778700   898.890900  1529.020300  1560.541600
    0.127017    45.560300   213.710500   357.816100   897.186400  1525.604000  1563.002000
    0.138564    51.765100   232.911600   389.689200   895.291100  1521.893100  1565.449600
    0.150111    58.420600   252.007800   421.379300   893.197300  1517.898400  1567.829000
    0.161658    65.538500   270.973600   452.867100   890.896600  1513.632300  1570.084200
    0.173205    73.127200   289.780700   484.132700   888.380200  1509.109500  1572.159600
    0.184752    81.192600   308.397700   515.156000   885.638600  1504.346600  1574.000700
    0.196299    89.737600   326.791000   545.916400   882.661900  1499.362400  1575.554700
    0.207846    98.762800   344.924400   576.393100   879.439800  1494.177700  1576.771200
    0.219393   108.266000   362.759700   606.565700   875.961800  1488.815900  1577.602600
    0.230940   118.242900   380.257000   636.413500   872.217200  1483.302300  1578.004700
    0.242487   128.686500   397.375200   665.916600   868.195200  1477.664600  1577.936900
    0.254034   139.587300   414.072200   695.055400   863.885300  1471.932300  1577.362600
    0.265581   150.933800   430.305600   723.811100   859.276900  1466.136700  1576.249500
    0.277128   162.711700   446.033100   752.165800   854.360000  1460.310800  1574.569600
    0.288675   174.904600   461.213300   780.102700   849.125300  1454.488700  1572.299500
    0.300222   187.493700   475.806300   807.606200   843.564000  1448.705200  1569.420100
    0.311769   200.457900   489.774200   834.662100   837.668500  1442.995600  1565.916700
    0.323316   213.773500   503.082000   831.432200   861.257800  1437.395000  1561.779100
    0.334863   227.414800   515.698400   824.850300   887.382400  1431.937400  1557.001000
    0.346410   241.353300   527.596300   817.919400   913.026500  1426.655600  1551.580000
    0.357957   255.558200   538.753800   810.638500   938.182600  1421.580200  1545.517400
    0.369504   269.995900   549.154600   803.008800   962.845200  1416.739000  1538.817800
    0.381051   284.630000   558.788900   795.034500   987.010200  1412.156500  1531.488700
    0.392598   299.420800   567.653400   786.723500  1010.675800  1407.853200  1523.540100
    0.404145   314.324900   575.751900   778.087700  1033.841600  1403.845500  1514.984300
    0.415692   329.294500   583.095100   769.144100  1056.508900  1400.144800  1505.835400
    0.427239   344.276500   589.700800   759.916000  1078.680600  1396.758200  1496.108800
    0.438786   359.211000   595.593100   750.434600  1100.360900  1393.687700  1485.820700
    0.450333   374.029600   600.802000   740.740900  1121.555100  1390.931000  1474.988100
    0.461880   388.652200   605.362500   730.889100  1142.269500  1388.481800  1463.628000
    0.473427   402.983500   609.313200   720.950300  1162.511200  1386.330200  1451.757400
    0.484974   416.907400   612.695600   711.018200  1182.287400  1384.463800  1439.392400
    0.496521   430.279300   615.551800   701.217100  1201.605700  1382.868000  1426.548800
    0.508068   442.915800   617.924100   691.711900  1220.473200  1381.527300  1413.241100
    0.519615   454.582700   619.852400   682.720800  1238.896100  1380.426000  1399.483200
    0.531162   464.982000   621.373500   674.527900  1256.878800  1379.549200  1385.288500
    0.542709   473.746000   622.519600   667.489700  1274.421300  1370.672100  1378.883300
    0.554256   480.451300   623.316900   662.020500  1291.510400  1355.659200  1378.417300
    0.565803   484.672200   623.784700   658.539700  1308.059000  1340.345900  1378.142700
    0.577350   486.080000   623.935100   657.372200  1320.985800  1327.818800  1378.054200
    0.584017   486.067800   624.260800   657.346900  1320.873000  1327.754600  1377.988200
    0.590684   486.031600   625.236400   657.271000  1320.534900  1327.562100  1377.790500
    0.597350   485.972200   626.857000   657.144200  1319.972000  1327.241700  1377.461600
    0.604017   485.891300   629.114800   656.965900  1319.185500  1326.794100  1377.002800
    0.610684   485.790900   631.999100   656.735400  1318.176800  1326.220100  1376.415700
    0.617350   485.673800   635.496000   656.451700  1316.948000  1325.520900  1375.702400
    0.624017   485.543300   639.589600   656.113700  1315.501400  1324.697600  1374.865300
    0.630684   485.403300   644.261100   655.720100  1313.840000  1323.751800  1373.907600
    0.637350   485.258200   649.489900   655.269200  1311.966900  1322.685000  1372.832700
    0.644017   485.113100   654.759300   655.253600  1309.886100  1321.498800  1371.644800
    0.650683   484.973300   654.188700   661.527900  1307.601700  1320.195000  1370.348400
    0.657350   484.844900   653.555200   668.287700  1305.118400  1318.775500  1368.948500
    0.664017   484.734200   652.856700   675.506500  1302.441200  1317.241800  1367.450800
    0.670683   484.648100   652.090800   683.157100  1299.575900  1315.595900  1365.861400
    0.677350   484.593700   651.255000   691.211800  1296.528400  1313.839500  1364.186900
    0.684017   484.578500   650.346700   699.642500  1293.305200  1311.974000  1362.434500
    0.690683   484.610500   649.363400   708.421000  1289.913400  1310.001200  1360.612000
    0.697350   484.697500   648.302200   717.518900  1286.360300  1307.922300  1358.727400
    0.704017   484.848000   647.160200   726.908000  1282.654000  1305.738700  1356.789400
    0.710683   485.070300   645.934600   736.560100  1278.803100  1303.451600  1354.807000
    0.717350   485.372800   644.622500   746.447500  1274.816700  1301.062000  1352.789500
    0.724017   485.764200   643.220800   756.542500  1270.704500  1298.571000  1350.746400
    0.730683   486.252900   641.726500   766.817700  1266.477000  1295.979500  1348.687700
    0.737350   486.847400   640.136700   777.245900  1262.145400  1293.288600  1346.623200
    0.744017   487.555800   638.448400   787.800200  1257.721700  1290.499300  1344.562800
    0.750683   488.386400   636.658600   798.453500  1253.219000  1287.612800  1342.516200
    0.757350   489.346800   634.764300   809.178600  1248.651300  1284.630500  1340.492900
    0.764017   490.444600   632.762800   819.948100  1244.034100  1281.554100  1338.502300
    0.770683   491.686800   630.651100   830.734100  1239.384000  1278.385500  1336.552900
    0.777350   493.080100   628.426700   841.507700  1234.719600  1275.127000  1334.653200
    0.784017   494.630700   626.086800   852.239200  1230.061400  1271.781200  1332.810800
    0.790683   496.344100   623.629000   862.897000  1225.432300  1268.351100  1331.032900
    0.797350   498.225400   621.050700   873.447700  1220.857900  1264.840100  1329.325800
    0.804017   500.278900   618.349800   883.855300  1216.367000  1261.251800  1327.695400
    0.810683   502.508400   615.524100   894.080700  1211.992400  1257.590300  1326.146700
    0.817350   504.916900   612.571600   904.080800  1207.771300  1253.859600  1324.684200
    0.824017   507.506700   609.490500   913.808100  1203.745900  1250.064200  1323.311900
    0.830683   510.279500   606.279000   923.209500  1199.964300  1246.208400  1322.033000
    0.837350   513.236100   602.935700   932.226400  1196.481100  1242.296600  1320.850300
    0.844017   516.376700   599.459200   940.793700  1193.357100  1238.333300  1319.766000
    0.850683   519.700500   595.848400   948.840100  1190.660000  1234.322700  1318.782000
    0.857350   523.206200   592.102300   956.289100  1188.463000  1230.268800  1317.899800
    0.864017   526.891900   588.220300   963.060800  1186.842800  1226.175400  1317.120400
    0.870683   530.754600   584.201800   969.075100  1185.876400  1222.045900  1316.444700
    0.877350   534.791100   580.046300   974.256900  1185.636200  1217.883500  1315.873100
    0.884017   538.997300   575.753900   978.541100  1186.184300  1213.690800  1315.406000
    0.890683   543.368400   571.324700   981.879600  1187.566100  1209.470000  1315.043500
    0.897350   547.899100   566.759100   984.246000  1189.805100  1205.223000  1314.785500
    0.904017   552.582900   562.058500   985.639000  1192.899200  1200.951500  1314.631800
    0.910683   557.116700   557.520400   986.081800  1196.562000  1196.916300  1314.582000
    0.924017   547.459300   567.184000   984.418100  1188.249000  1206.604500  1314.780200
    0.937350   536.870500   577.760900   979.650200  1179.474700  1219.233500  1315.389000
    0.950683   525.767400   588.785800   972.367500  1170.576300  1233.831000  1316.404300
    0.964017   514.166700   600.193500   963.104900  1161.527000  1249.830500  1317.822200
    0.977350   502.088600   611.917100   952.289600  1152.290500  1266.769300  1319.639000
    0.990683   489.556200   623.888900   940.239400  1142.821400  1284.289900  1321.851600
    1.004017   476.595700   636.041500   927.182000  1133.066900  1302.121500  1324.457400
    1.017350   463.235800   648.309100   913.276600  1122.967200  1320.057700  1327.453900
    1.030683   449.507900   660.627800   898.632600  1112.457700  1330.838700  1337.938900
    1.044017   435.445900   672.936800   883.324400  1101.470000  1334.608400  1355.637700
    1.057350   421.085300   685.178600   867.401500  1089.934200  1338.758500  1373.050000
    1.070683   406.463900   697.299500   850.896300  1077.780400  1343.282600  1390.087400
    1.084017   391.620700   709.250100   833.829900  1064.940400  1348.172100  1406.673200
    1.097350   376.596100   720.985300   816.216000  1051.349100  1353.415200  1422.738600
    1.110683   361.431600   732.464400   798.063900  1036.946200  1358.997200  1438.221700
    1.124017   346.169300   743.651400   779.381200  1021.677000  1364.899900  1453.065100
    1.137350   330.851600   754.514800   760.175300  1005.493300  1371.101900  1467.216200
    1.150683   315.521300   740.454900   765.027600   988.354500  1377.578400  1480.626500
    1.164016   300.220900   720.230800   775.167200   970.227100  1384.301900  1493.251800
    1.177350   284.992800   699.516800   784.915300   951.085900  1391.242200  1505.052100
    1.190683   269.878500   678.329900   794.257300   930.913000  1398.366900  1515.992400
    1.204016   254.918700   656.691100   803.182900   909.698600  1405.642000  1526.043100
    1.217350   240.153100   634.624800   811.685100   887.439700  1413.032200  1535.180400
    1.230683   225.620000   612.159200   819.760000   864.140800  1420.501600  1543.386900
    1.244016   211.356400   589.326200   827.407100   839.812600  1428.014000  1550.652100
    1.257350   197.397300   566.160600   814.471700   834.628500  1435.533100  1556.973200
    1.270683   183.776200   542.700100   788.140500   841.428700  1443.023200  1562.355100
    1.284016   170.524400   518.984400   760.846100   847.814200  1450.449600  1566.810900
    1.297350   157.671100   495.055300   732.619800   853.793600  1457.778300  1570.362300
    1.310683   145.243400   470.955100   703.496800   859.376800  1464.976700  1573.039800
    1.324016   133.265800   446.726900   673.515500   864.575200  1472.013500  1574.882300
    1.337350   121.760700   422.413100   642.716900   869.400900  1478.859200  1575.937200
    1.350683   110.747500   398.055200   611.144000   873.866900  1485.485800  1576.260300
    1.364016   100.243300   373.692700   578.841700   877.986500  1491.866800  1575.915100
    1.377350    90.262000   349.362700   545.855700   881.773500  1497.977700  1574.972000
    1.390683    80.814900   325.099100   512.232700   885.241400  1503.795600  1573.508000
    1.404016    71.909600   300.931800   478.019600   888.403600  1509.299400  1571.605300
    1.417350    63.550700   276.886600   443.263200   891.273500  1514.469600  1569.350300
    1.430683    55.738400   252.984000   408.010200   893.863400  1519.288700  1566.832400
    1.444016    48.468800   229.239700   372.306700   896.185500  1523.740300  1564.142400
    1.457350    41.732900   205.663600   336.197800   898.250800  1527.810100  1561.371000
    1.470683    35.516000   182.259900   299.728200   900.069900  1531.485100  1558.607300
    1.484016    29.796200   159.027200   262.941300   901.652100  1534.754000  1555.937100
    1.497350    24.544200   135.958500   225.879500   903.006000  1537.606700  1553.440900
    1.510683    19.721600   113.041600   188.584400   904.138800  1540.034700  1551.192600
    1.524016    15.280000    90.259400   151.096400   905.056900  1542.030800  1549.258000
    1.537349    11.160600    67.590500   113.455300   905.765600  1543.589400  1547.692700
    1.550683     7.294200    45.009800    75.700000   906.268900  1544.705800  1546.541700
    1.564016     3.602500    22.489500    37.868900   906.569700  1545.376900  1545.837700
    1.577349    -0.000000    -0.000000     0.000000   906.669700  1545.600800  1545.600800
