&CONTROL
  calculation = 'scf'
  restart_mode = 'from_scratch'
  prefix = 'al'
  pseudo_dir = '../../../pseudopotentzialak/'
  outdir = './tmp'
  tprnfor = .true.
/
&SYSTEM
  ibrav = 0
  nat = 216
  ntyp = 1
  ecutwfc = 50
  occupations = 'smearing'
  smearing = 'mp'
  degauss = 0.02
/
&ELECTRONS
  conv_thr = 1.0d-16
  electron_maxstep = 200
/
ATOMIC_SPECIES
Al 26.9815 Al.upf

CELL_PARAMETERS angstrom
  -12.1134  0.0000  12.1134
   0.0000  12.1134  12.1134
  -12.1134  12.1134  0.0000

ATOMIC_POSITIONS crystal
Al  0.000000  0.000000  0.000000
Al  0.000000  0.000000  0.166667
Al  0.000000  0.000000  0.333333
Al  0.000000  0.000000  0.500000
Al  0.000000  0.000000  0.666667
Al  0.000000  0.000000  0.833333
Al  0.000000  0.166667  0.000000
Al  0.000000  0.166667  0.166667
Al  0.000000  0.166667  0.333333
Al  0.000000  0.166667  0.500000
Al  0.000000  0.166667  0.666667
Al  0.000000  0.166667  0.833333
Al  0.000000  0.333333  0.000000
Al  0.000000  0.333333  0.166667
Al  0.000000  0.333333  0.333333
Al  0.000000  0.333333  0.500000
Al  0.000000  0.333333  0.666667
Al  0.000000  0.333333  0.833333
Al  0.000000  0.500000  0.000000
Al  0.000000  0.500000  0.166667
Al  0.000000  0.500000  0.333333
Al  0.000000  0.500000  0.500000
Al  0.000000  0.500000  0.666667
Al  0.000000  0.500000  0.833333
Al  0.000000  0.666667  0.000000
Al  0.000000  0.666667  0.166667
Al  0.000000  0.666667  0.333333
Al  0.000000  0.666667  0.500000
Al  0.000000  0.666667  0.666667
Al  0.000000  0.666667  0.833333
Al  0.000000  0.833333  0.000000
Al  0.000000  0.833333  0.166667
Al  0.000000  0.833333  0.333333
Al  0.000000  0.833333  0.500000
Al  0.000000  0.833333  0.666667
Al  0.000000  0.833333  0.833333
Al  0.166667  0.000000  0.000000
Al  0.166667  0.000000  0.166667
Al  0.166667  0.000000  0.333333
Al  0.166667  0.000000  0.500000
Al  0.166667  0.000000  0.666667
Al  0.166667  0.000000  0.833333
Al  0.166667  0.166667  0.000000
Al  0.166667  0.166667  0.166667
Al  0.166667  0.166667  0.333333
Al  0.166667  0.166667  0.500000
Al  0.166667  0.166667  0.666667
Al  0.166667  0.166667  0.833333
Al  0.166667  0.333333  0.000000
Al  0.166667  0.333333  0.166667
Al  0.166667  0.333333  0.333333
Al  0.166667  0.333333  0.500000
Al  0.166667  0.333333  0.666667
Al  0.166667  0.333333  0.833333
Al  0.166667  0.500000  0.000000
Al  0.166667  0.500000  0.166667
Al  0.166667  0.500000  0.333333
Al  0.166667  0.500000  0.500000
Al  0.166667  0.500000  0.666667
Al  0.166667  0.500000  0.833333
Al  0.166667  0.666667  0.000000
Al  0.166667  0.666667  0.166667
Al  0.166667  0.666667  0.333333
Al  0.166667  0.666667  0.500000
Al  0.166667  0.666667  0.666667
Al  0.166667  0.666667  0.833333
Al  0.166667  0.833333  0.000000
Al  0.166667  0.833333  0.166667
Al  0.166667  0.833333  0.333333
Al  0.166667  0.833333  0.500000
Al  0.166667  0.833333  0.666667
Al  0.166667  0.833333  0.833333
Al  0.333333  0.000000  0.000000
Al  0.333333  0.000000  0.166667
Al  0.333333  0.000000  0.333333
Al  0.333333  0.000000  0.500000
Al  0.333333  0.000000  0.666667
Al  0.333333  0.000000  0.833333
Al  0.333333  0.166667  0.000000
Al  0.333333  0.166667  0.166667
Al  0.333333  0.166667  0.333333
Al  0.333333  0.166667  0.500000
Al  0.333333  0.166667  0.666667
Al  0.333333  0.166667  0.833333
Al  0.333333  0.333333  0.000000
Al  0.333333  0.333333  0.166667
Al  0.333333  0.333333  0.333333
Al  0.333333  0.333333  0.500000
Al  0.333333  0.333333  0.666667
Al  0.333333  0.333333  0.833333
Al  0.333333  0.500000  0.000000
Al  0.333333  0.500000  0.166667
Al  0.333333  0.500000  0.333333
Al  0.333333  0.500000  0.500000
Al  0.333333  0.500000  0.666667
Al  0.333333  0.500000  0.833333
Al  0.333333  0.666667  0.000000
Al  0.333333  0.666667  0.166667
Al  0.333333  0.666667  0.333333
Al  0.333333  0.666667  0.500000
Al  0.333333  0.666667  0.666667
Al  0.333333  0.666667  0.833333
Al  0.333333  0.833333  0.000000
Al  0.333333  0.833333  0.166667
Al  0.333333  0.833333  0.333333
Al  0.333333  0.833333  0.500000
Al  0.333333  0.833333  0.666667
Al  0.333333  0.833333  0.833333
Al  0.500000  0.000000  0.000000
Al  0.500000  0.000000  0.166667
Al  0.500000  0.000000  0.333333
Al  0.500000  0.000000  0.500000
Al  0.500000  0.000000  0.666667
Al  0.500000  0.000000  0.833333
Al  0.500000  0.166667  0.000000
Al  0.500000  0.166667  0.166667
Al  0.500000  0.166667  0.333333
Al  0.500000  0.166667  0.500000
Al  0.500000  0.166667  0.666667
Al  0.500000  0.166667  0.833333
Al  0.500000  0.333333  0.000000
Al  0.500000  0.333333  0.166667
Al  0.500000  0.333333  0.333333
Al  0.500000  0.333333  0.500000
Al  0.500000  0.333333  0.666667
Al  0.500000  0.333333  0.833333
Al  0.500000  0.500000  0.000000
Al  0.500000  0.500000  0.166667
Al  0.500000  0.500000  0.333333
Al  0.500000  0.500000  0.500000
Al  0.500000  0.500000  0.666667
Al  0.500000  0.500000  0.833333
Al  0.500000  0.666667  0.000000
Al  0.500000  0.666667  0.166667
Al  0.500000  0.666667  0.333333
Al  0.500000  0.666667  0.500000
Al  0.500000  0.666667  0.666667
Al  0.500000  0.666667  0.833333
Al  0.500000  0.833333  0.000000
Al  0.500000  0.833333  0.166667
Al  0.500000  0.833333  0.333333
Al  0.500000  0.833333  0.500000
Al  0.500000  0.833333  0.666667
Al  0.500000  0.833333  0.833333
Al  0.666667  0.000000  0.000000
Al  0.666667  0.000000  0.166667
Al  0.666667  0.000000  0.333333
Al  0.666667  0.000000  0.500000
Al  0.666667  0.000000  0.666667
Al  0.666667  0.000000  0.833333
Al  0.666667  0.166667  0.000000
Al  0.666667  0.166667  0.166667
Al  0.666667  0.166667  0.333333
Al  0.666667  0.166667  0.500000
Al  0.666667  0.166667  0.666667
Al  0.666667  0.166667  0.833333
Al  0.666667  0.333333  0.000000
Al  0.666667  0.333333  0.166667
Al  0.666667  0.333333  0.333333
Al  0.666667  0.333333  0.500000
Al  0.666667  0.333333  0.666667
Al  0.666667  0.333333  0.833333
Al  0.666667  0.500000  0.000000
Al  0.666667  0.500000  0.166667
Al  0.666667  0.500000  0.333333
Al  0.666667  0.500000  0.500000
Al  0.666667  0.500000  0.666667
Al  0.666667  0.500000  0.833333
Al  0.666667  0.666667  0.000000
Al  0.666667  0.666667  0.166667
Al  0.666667  0.666667  0.333333
Al  0.666667  0.666667  0.500000
Al  0.666667  0.666667  0.666667
Al  0.666667  0.666667  0.833333
Al  0.666667  0.833333  0.000000
Al  0.666667  0.833333  0.166667
Al  0.666667  0.833333  0.333333
Al  0.666667  0.833333  0.500000
Al  0.666667  0.833333  0.666667
Al  0.666667  0.833333  0.833333
Al  0.833333  0.000000  0.000000
Al  0.833333  0.000000  0.166667
Al  0.833333  0.000000  0.333333
Al  0.833333  0.000000  0.500000
Al  0.833333  0.000000  0.666667
Al  0.833333  0.000000  0.833333
Al  0.833333  0.166667  0.000000
Al  0.833333  0.166667  0.166667
Al  0.833333  0.166667  0.333333
Al  0.833333  0.166667  0.500000
Al  0.833333  0.166667  0.666667
Al  0.833333  0.166667  0.833333
Al  0.833333  0.333333  0.000000
Al  0.833333  0.333333  0.166667
Al  0.833333  0.333333  0.333333
Al  0.833333  0.333333  0.500000
Al  0.833333  0.333333  0.666667
Al  0.833333  0.333333  0.833333
Al  0.833333  0.500000  0.000000
Al  0.833333  0.500000  0.166667
Al  0.833333  0.500000  0.333333
Al  0.833333  0.500000  0.500000
Al  0.833333  0.500000  0.666667
Al  0.833333  0.500000  0.833333
Al  0.833333  0.666667  0.000000
Al  0.833333  0.666667  0.166667
Al  0.833333  0.666667  0.333333
Al  0.833333  0.666667  0.500000
Al  0.833333  0.666667  0.666667
Al  0.833333  0.666667  0.833333
Al  0.833333  0.833333  0.000000
Al  0.833333  0.833333  0.166667
Al  0.833333  0.833333  0.333333
Al  0.833333  0.833333  0.500000
Al  0.833333  0.833333  0.666667
Al  0.833333  0.833333  0.833333

K_POINTS automatic
4 4 4 0 0 0
