    0.000000   181.390800   181.390800   361.392900   361.392900   468.256300   468.256300
    0.016836   181.035100   181.035100   361.655000   361.655000   468.199300   468.199300
    0.033672   179.978500   179.978500   362.432300   362.432300   468.028700   468.028700
    0.050508   178.252100   178.252100   363.698700   363.698700   467.745000   467.745000
    0.067344   175.904300   175.904300   365.413400   365.413400   467.349400   467.349400
    0.084179   172.998200   172.998200   367.524700   367.524700   466.843400   466.843400
    0.101015   169.607200   169.607200   369.973500   369.973600   466.229500   466.229500
    0.117851   165.811800   165.811900   372.697500   372.697500   465.511100   465.511100
    0.134687   161.697100   161.697100   375.633000   375.633000   464.692700   464.692700
    0.151523   157.350400   157.350400   378.717700   378.717700   463.780500   463.780500
    0.168359   152.860600   152.860600   381.891000   381.891000   462.782800   462.782800
    0.185195   148.317500   148.317500   385.094600   385.094600   461.710500   461.710500
    0.202031   143.811900   143.811900   388.271900   388.271900   460.578000   460.578000
    0.218866   139.434900   139.434900   391.367000   391.367000   459.403900   459.403900
    0.235702   135.278400   135.278400   394.323600   394.323600   458.212500   458.212500
    0.252538   131.433500   131.433500   397.083700   397.083700   457.034300   457.034300
    0.269374   127.989800   127.989800   399.586400   399.586400   455.907200   455.907200
    0.286210   125.032400   125.032400   401.767400   401.767400   454.876600   454.876600
    0.303046   122.639500   122.639500   403.560300   403.560300   453.993700   453.993700
    0.319882   120.877800   120.877800   404.900100   404.900100   453.312000   453.312000
    0.336718   119.798900   119.798900   405.730400   405.730400   452.879700   452.879700
    0.353553   119.435500   119.435500   406.011900   406.011900   452.731400   452.731400
    0.365339   119.514600   119.514600   401.867400   410.078100   452.762100   452.762100
    0.377124   119.750200   119.750200   397.643700   414.066900   452.854300   452.854300
    0.388909   120.136900   120.137000   393.339500   417.979000   453.008100   453.008100
    0.400694   120.666300   120.666300   388.953700   421.815000   453.224000   453.224000
    0.412479   121.326700   121.326700   384.484900   425.575300   453.502600   453.502600
    0.424264   122.103800   122.103800   379.931600   429.260200   453.844400   453.844400
    0.436049   122.980700   122.980800   375.292500   432.869800   454.250400   454.250400
    0.447834   123.939000   123.939000   370.565800   436.403900   454.721200   454.721200
    0.459619   124.958500   124.958500   365.750000   439.862400   455.257700   455.257700
    0.471405   126.018000   126.018000   360.843600   443.245000   455.860800   455.860800
    0.483190   127.095700   127.095700   355.844900   446.551200   456.531100   456.531100
    0.494975   128.169700   128.169700   350.752300   449.780400   457.269300   457.269300
    0.506760   129.218000   129.218000   345.564400   452.931800   458.075900   458.075900
    0.518545   130.219100   130.219100   340.279500   456.004800   458.951100   458.951100
    0.530330   131.152300   131.152300   334.896500   458.998400   459.894800   459.894800
    0.542115   131.997600   131.997600   329.413800   460.906600   460.906600   461.911700
    0.553900   132.736300   132.736300   323.830500   461.986000   461.986000   464.743800
    0.565685   133.350900   133.350900   318.145400   463.131600   463.131600   467.493800
    0.577471   133.825300   133.825300   312.357700   464.341800   464.341800   470.160500
    0.589256   134.144900   134.144900   306.466500   465.614700   465.614700   472.743200
    0.601041   134.296500   134.296500   300.471400   466.947600   466.947600   475.241000
    0.612826   134.268500   134.268500   294.371900   468.337500   468.337500   477.653000
    0.624611   134.051000   134.051000   288.167800   469.780900   469.780900   479.978600
    0.636396   133.635500   133.635500   281.859100   471.273600   471.273600   482.217100
    0.648181   133.015100   133.015100   275.446000   472.811200   472.811200   484.368100
    0.659966   132.184400   132.184400   268.928800   474.388800   474.388800   486.431200
    0.671751   131.139400   131.139400   262.308300   476.001200   476.001200   488.406300
    0.683537   129.877300   129.877300   255.585100   477.642700   477.642700   490.293500
    0.695322   128.396900   128.396900   248.760400   479.307500   479.307500   492.092900
    0.707107   126.697900   126.697900   241.835200   480.989500   480.989500   493.804900
    0.718892   124.781200   124.781200   234.811100   482.682500   482.682500   495.430200
    0.730677   122.648700   122.648700   227.689700   484.380300   484.380300   496.969700
    0.742462   120.303200   120.303200   220.472700   486.076400   486.076400   498.424300
    0.754247   117.748500   117.748500   213.162200   487.764600   487.764600   499.795300
    0.766032   114.988800   114.988800   205.760400   489.438700   489.438700   501.084300
    0.777817   112.029200   112.029200   198.269500   491.092700   491.092700   502.292900
    0.789603   108.875300   108.875300   190.692100   492.720600   492.720600   503.423000
    0.801388   105.533300   105.533300   183.030900   494.316800   494.316800   504.476800
    0.813173   102.009700   102.009700   175.288700   495.875900   495.875900   505.456300
    0.824958    98.311500    98.311500   167.468300   497.392700   497.392700   506.364200
    0.836743    94.446000    94.446000   159.572900   498.862500   498.862500   507.202900
    0.848528    90.420500    90.420600   151.605700   500.280600   500.280600   507.975100
    0.860313    86.243100    86.243100   143.569900   501.642800   501.642800   508.683600
    0.872098    81.921400    81.921400   135.469000   502.945300   502.945300   509.331200
    0.883883    77.463800    77.463800   127.306300   504.184400   504.184400   509.920800
    0.895669    72.878300    72.878300   119.085500   505.356900   505.356900   510.455400
    0.907454    68.173300    68.173300   110.810100   506.459900   506.459900   510.937800
    0.919239    63.357300    63.357300   102.483900   507.490500   507.490500   511.370900
    0.931024    58.438600    58.438600    94.110600   508.446600   508.446600   511.757400
    0.942809    53.425700    53.425700    85.693900   509.325900   509.325900   512.100200
    0.954594    48.327200    48.327200    77.237800   510.126500   510.126500   512.401800
    0.966379    43.151600    43.151600    68.746000   510.846900   510.846900   512.664500
    0.978164    37.907500    37.907500    60.222400   511.485600   511.485600   512.890700
    0.989949    32.603500    32.603500    51.671000   512.041400   512.041400   513.082300
    1.001735    27.248100    27.248100    43.095800   512.513400   512.513400   513.241300
    1.013520    21.849800    21.849800    34.500600   512.900600   512.900600   513.369100
    1.025305    16.417300    16.417300    25.889400   513.202500   513.202500   513.467200
    1.037090    10.959100    10.959100    17.266300   513.418400   513.418400   513.536400
    1.048875     5.483900     5.483900     8.635100   513.548200   513.548200   513.577700
    1.060660    -0.000000    -0.000000     0.000000   513.591400   513.591400   513.591400
    1.072667     4.647700     4.647700     9.829600   513.553700   513.558300   513.558300
    1.084675     9.284200     9.284200    19.651300   513.440300   513.459100   513.459100
    1.096682    13.898400    13.898400    29.457200   513.250800   513.294300   513.294300
    1.108689    18.479200    18.479200    39.239700   512.984700   513.064900   513.064900
    1.120697    23.015600    23.015600    48.990900   512.640900   512.772100   512.772100
    1.132704    27.496700    27.496700    58.703200   512.218300   512.417500   512.417500
    1.144711    31.911800    31.911800    68.369300   511.715600   512.003100   512.003100
    1.156719    36.250300    36.250300    77.981700   511.131300   511.531100   511.531100
    1.168726    40.501800    40.501800    87.533400   510.463500   511.004100   511.004100
    1.180733    44.656200    44.656200    97.017400   509.710400   510.425200   510.425200
    1.192741    48.703700    48.703700   106.427200   508.870000   509.797300   509.797300
    1.204748    52.634700    52.634700   115.756200   507.940400   509.124200   509.124200
    1.216755    56.440200    56.440200   124.998400   506.919300   508.409400   508.409400
    1.228762    60.111300    60.111300   134.147900   505.804700   507.656900   507.656900
    1.240770    63.640000    63.640000   143.199300   504.594600   506.870900   506.870900
    1.252777    67.018400    67.018400   152.147300   503.286800   506.055700   506.055700
    1.264784    70.239400    70.239400   160.987200   501.879400   505.215700   505.215700
    1.276792    73.296600    73.296600   169.714600   500.370700   504.355600   504.355600
    1.288799    76.184100    76.184100   178.325300   498.759000   503.480000   503.480000
    1.300806    78.897000    78.897000   186.815800   497.042700   502.593500   502.593500
    1.312814    81.431000    81.431000   195.182700   495.220700   501.700700   501.700700
    1.324821    83.782900    83.782900   203.423300   493.291800   500.806200   500.806200
    1.336828    85.950200    85.950200   211.535000   491.255200   499.914500   499.914500
    1.348835    87.931600    87.931600   219.515800   489.110400   499.029900   499.029900
    1.360843    89.726700    89.726700   227.364000   486.857100   498.156500   498.156500
    1.372850    91.336500    91.336500   235.078300   484.495200   497.298300   497.298300
    1.384857    92.762800    92.762800   242.657800   482.025200   496.459000   496.459000
    1.396865    94.008700    94.008700   250.102000   479.447500   495.641800   495.641800
    1.408872    95.078600    95.078600   257.410400   476.763100   494.850000   494.850000
    1.420879    95.977900    95.977900   264.583200   473.973100   494.086300   494.086300
    1.432887    96.713500    96.713500   271.620700   471.079100   493.353000   493.353000
    1.444894    97.293200    97.293200   278.523100   468.082900   492.652300   492.652300
    1.456901    97.726100    97.726100   285.291200   464.986600   491.985900   491.985900
    1.468908    98.022500    98.022500   291.925600   461.792700   491.355200   491.355200
    1.480916    98.193500    98.193500   298.426900   458.504200   490.761300   490.761300
    1.492923    98.251500    98.251500   304.795600   455.124400   490.204900   490.204900
    1.504930    98.209500    98.209500   311.031800   451.657100   489.686500   489.686500
    1.516938    98.081200    98.081200   317.135200   448.106900   489.206400   489.206400
    1.528945    97.881100    97.881100   323.104700   444.479100   488.764500   488.764500
    1.540952    97.623900    97.623900   328.938000   440.780500   488.360800   488.360800
    1.552960    97.324500    97.324500   334.631100   437.019400   487.994800   487.994800
    1.564967    96.997800    96.997800   340.177100   433.206700   487.666100   487.666100
    1.576974    96.658600    96.658600   345.565300   429.357300   487.374200   487.374200
    1.588981    96.320800    96.320800   350.778200   425.492400   487.118500   487.118500
    1.600989    95.997800    95.997800   355.787800   421.643500   486.898400   486.898400
    1.612996    95.701800    95.701800   360.548000   417.859700   486.713300   486.713300
    1.625003    95.443700    95.443700   364.981600   414.221100   486.562700   486.562700
    1.637011    95.232900    95.232900   368.956200   410.862400   486.446100   486.446100
    1.649018    95.076800    95.076800   372.247000   408.010200   486.363100   486.363100
    1.661025    94.980800    94.980800   374.505100   406.014700   486.313400   486.313400
    1.673033    94.948500    94.948500   375.324600   405.282800   486.296800   486.296800
    1.721145    97.370500   101.227500   373.824700   404.533000   485.600200   486.314200
    1.769258   103.872700   117.568900   369.475100   402.385500   483.584100   486.334200
    1.817370   112.656000   139.178400   362.768500   399.124900   480.463100   486.262500
    1.865483   121.765800   161.946500   354.689200   395.142300   476.572900   485.957900
    1.913595   129.626000   182.598800   346.955900   390.820700   472.330500   485.268500
    1.961708   135.213900   198.040400   342.160300   386.452500   468.176400   484.077400
    2.009820   138.093600   205.584500   343.048900   382.240200   464.502900   482.342500
    2.057933   138.404900   204.679500   350.270900   378.510900   461.593700   480.123600
    2.106045   136.800400   197.607500   359.811800   377.375400   459.597100   477.598000
