   1.81297712275105      -0.383941981296193      -4.441986322793413E-014
 -1.098105895381679E-003  6.338171430892176E-004  3.202020495545347E-014
  9.909637941003049E-004 -5.721511283723699E-004  2.433344912525694E-002
 -4.155583873294592E-016  1.897695222495711E-004 -1.097910264264298E-004
  9.021088691344573E-016 -1.619205337162148E-004  9.373220922297287E-005
   3.31168802116580      -3.898644591001182E-012 -2.603381507171841E-011
  -3.89200288055355       3.007953862032817E-012  1.930646468415692E-011
   7.51527805655345      -2.824509732392781E-003  3.007952887715788E-012
  -11.2196378215246       2.437617914447316E-003   7.51365554723299     
  1.930646482229335E-011  2.435998560437178E-003  -11.2168397513179     
   1.18339362665818      -2.366355834109132E-012 -1.464154862974505E-011
   4.28093671796640      -2.030753428267310E-003   4.27977165297966     
   1.81297712275106      -0.383941981296193       4.442185378844741E-014
  1.097954694938291E-003 -6.340790299392968E-004 -3.202203941044154E-014
 -9.909793090096231E-004  5.721242557611660E-004  2.433344912525694E-002
  4.155998787089849E-016 -1.899665791186937E-004  1.094497139171345E-004
 -9.022646040827438E-016  1.621347411992644E-004 -9.336119097897495E-005
   3.31168802116580      -3.898665738030350E-012 -2.603379399903211E-011
  -3.89200288055355       3.007970169367715E-012  1.930644409298569E-011
   7.51528422324063      -2.817389055387344E-003  3.007974855515275E-012
  -11.2196496068373       2.429194306958378E-003   7.51364938054581     
  1.930644342817340E-011  2.430813660968617E-003  -11.2168279660052     
   1.18339362665818      -2.366372582842790E-012 -1.464152889151754E-011
   4.28094226130492      -2.024352532287870E-003   4.27976610964113     
