0.000000000000000000e+00 2.643687704040951992e-06 4.272604135654514893e-06 4.356690966223951052e-06
1.178511661952620117e-02 4.301955709322939470e+00 4.301955709323630472e+00 9.635399314767715495e+00
2.357023338047380123e-02 8.613588087776932412e+00 8.613588087777330315e+00 1.925966263333602768e+01
3.535535000000000067e-02 1.294421581100474405e+01 1.294421581100489149e+01 2.886164297316624072e+01
4.714046661952620010e-02 1.730245692560981396e+01 1.730245692561002002e+01 3.843017422859601595e+01
5.892558338047380190e-02 2.169591448967446823e+01 2.169591448967461389e+01 4.795406554346381256e+01
7.071070000000000133e-02 2.613090283222197385e+01 2.613090283222197741e+01 5.742210084718509933e+01
8.249581661952620770e-02 3.061222414721600416e+01 3.061222414721607876e+01 6.682304598229542592e+01
9.428093338047380256e-02 3.514300066035150394e+01 3.514300066035153236e+01 7.614566252075582042e+01
1.060660500000000089e-01 3.972456587579885223e+01 3.972456587579891618e+01 8.537873017541281229e+01
1.178511666195262153e-01 4.435641548773290310e+01 4.435641548773297416e+01 9.451107932255254696e+01
1.296362833804738102e-01 4.903621448603215072e+01 4.903621448603222177e+01 1.035316317901787215e+02
1.414214000000000027e-01 5.375985637932696903e+01 5.375985637932706851e+01 1.124294507480463494e+02
1.532065166195262229e-01 5.852156900553814722e+01 5.852156900553818275e+01 1.211938000793343377e+02
1.649916333804738178e-01 6.331405892111891376e+01 6.331405892111894929e+01 1.298142103579830859e+02
1.767767500000000103e-01 6.812868740302913295e+01 6.812868740302923243e+01 1.382805511806762695e+02
1.885618666195262028e-01 7.295567106028229887e+01 7.295567106028234150e+01 1.465831091830377773e+02
2.003469833804737976e-01 7.778429871383710292e+01 7.778429871383724503e+01 1.547126680471006068e+02
2.121321000000000179e-01 8.260315818537958421e+01 8.260315818537966948e+01 1.626605894316504930e+02
2.239172166195262104e-01 8.740036720109968371e+01 8.740036720109972634e+01 1.704188934558025039e+02
2.357023333804738052e-01 9.216380166456858092e+01 9.216380166456863776e+01 1.779803346748997228e+02
2.474874499999999977e-01 9.688131676311903107e+01 9.688131676311903107e+01 1.853384721394287169e+02
2.592725666195262457e-01 1.015409569826025376e+02 1.015409569826025518e+02 1.924877319956887334e+02
2.710576833804738128e-01 1.061311501717494821e+02 1.061311501717495247e+02 1.994234587872174984e+02
2.828428000000000053e-01 1.106408829378959098e+02 1.106408829378959382e+02 2.061419542930782711e+02
2.946279166195262533e-01 1.150598551595700059e+02 1.150598551595700343e+02 2.126405027965198826e+02
3.064130333804738204e-01 1.193786104618993562e+02 1.193786104618993846e+02 2.189173797892326547e+02
3.181981500000000129e-01 1.235886415380070673e+02 1.235886415380070957e+02 2.249718437887871971e+02
3.299832666195262054e-01 1.276824696413143130e+02 1.276824696413143272e+02 2.308041111778144341e+02
3.417683833804738280e-01 1.316536967205665860e+02 1.316536967205665860e+02 2.364153124673798914e+02
3.535535000000000205e-01 1.354970306334627139e+02 1.354970306334627423e+02 2.418074309865645830e+02
3.653386166195262685e-01 1.392082843159321044e+02 1.392082843159321328e+02 2.469832253386601337e+02
3.771237333804738356e-01 1.427843490764849435e+02 1.427843490764849719e+02 2.519461357459876183e+02
3.889088500000000281e-01 1.462231440590473142e+02 1.462231440590473142e+02 2.567001768120162524e+02
4.006939666195262206e-01 1.495235443460751128e+02 1.495235443460751128e+02 2.612498195451808556e+02
4.124790833804738432e-01 1.526852895702782291e+02 1.526852895702782860e+02 2.655998643933374410e+02
4.242642000000000357e-01 1.557088765802023715e+02 1.557088765802024284e+02 2.697553090827468623e+02
4.360493166195262282e-01 1.585954400064475180e+02 1.585954400064475465e+02 2.737212151702558458e+02
4.478344333804737953e-01 1.613466239280233765e+02 1.613466239280234333e+02 2.775025760453079329e+02
4.596195500000000433e-01 1.639644491365511101e+02 1.639644491365511954e+02 2.811041906335968861e+02
4.714046666195261803e-01 1.664511804919951601e+02 1.664511804919952169e+02 2.845305468099321615e+02
4.831897833804738585e-01 1.688091979849520214e+02 1.688091979849520783e+02 2.877857171337669797e+02
4.949748999999999954e-01 1.710408758726763097e+02 1.710408758726763949e+02 2.908732704327314877e+02
5.067600166195261879e-01 1.731484738156173648e+02 1.731484738156173933e+02 2.937962021195243096e+02
5.185451333804738105e-01 1.751340427380283131e+02 1.751340427380283700e+02 2.965568845204043100e+02
5.303302500000000030e-01 1.769993483241816250e+02 1.769993483241817103e+02 2.991570389025794157e+02
5.421153666195263066e-01 1.787458142342637473e+02 1.787458142342638041e+02 3.015977299958175308e+02
5.539004833804738182e-01 1.803744857135974371e+02 1.803744857135975508e+02 3.038793821763202914e+02
5.656856000000000106e-01 1.818860140984332077e+02 1.818860140984332077e+02 3.060018166460669136e+02
5.774707166195262031e-01 1.832806617684908588e+02 1.832806617684908588e+02 3.079643080697738355e+02
5.892558333804738258e-01 1.845583257862208768e+02 1.845583257862209052e+02 3.097656577719976667e+02
6.010409500000000182e-01 1.857185782808833778e+02 1.857185782808834063e+02 3.114042808121803318e+02
6.128260666195262107e-01 1.867607209007989866e+02 1.867607209007990150e+02 3.128783036672031130e+02
6.246111833804738334e-01 1.876838497753244610e+02 1.876838497753244894e+02 3.141856683923904825e+02
6.363963000000000259e-01 1.884869275280961176e+02 1.884869275280961176e+02 3.153242395827093674e+02
6.481814166195262183e-01 1.891688585989628280e+02 1.891688585989628280e+02 3.162919102782072969e+02
6.599665333804738410e-01 1.897285638488349662e+02 1.897285638488349946e+02 3.170867026810483367e+02
6.717516500000000335e-01 1.901650508987900139e+02 1.901650508987900423e+02 3.177068602542884719e+02
6.835367666195262260e-01 1.904774768444139568e+02 1.904774768444140136e+02 3.181509279747168648e+02
6.953218833804738486e-01 1.906652002642242110e+02 1.906652002642242678e+02 3.184178177522075543e+02
7.071070000000000411e-01 1.907278201946325566e+02 1.907278201946326419e+02 3.185068568700741025e+02
7.154403359787412375e-01 1.907178004076769469e+02 1.908373017910889189e+02 3.184633106276475587e+02
7.237736717574824175e-01 1.906877314799512249e+02 1.911649384498890356e+02 3.183327896709068909e+02
7.321070077362237249e-01 1.906375849065796615e+02 1.917083215358718746e+02 3.181156464409293676e+02
7.404403437149650324e-01 1.905673138461937128e+02 1.924634882484975549e+02 3.178124655172281336e+02
7.487736794937062124e-01 1.904768541066284797e+02 1.934249965255288544e+02 3.174240593805592994e+02
7.571070154724475199e-01 1.903661254960931331e+02 1.945860251583507932e+02 3.169514624741979105e+02
7.654403514511887163e-01 1.902350335504210648e+02 1.959384944442020355e+02 3.163959237247710803e+02
7.737736872299298962e-01 1.900834715723258057e+02 1.974732028227620617e+02 3.157588973943648512e+02
7.821070232086710927e-01 1.899113229612603959e+02 1.991799741620741031e+02 3.150420323524513151e+02
7.904403591874124002e-01 1.897184638431306780e+02 2.010478101083417357e+02 3.142471600092137578e+02
7.987736949661535801e-01 1.895047658958345664e+02 2.030650433859398731e+02 3.133762807036750360e+02
8.071070309448948876e-01 1.892700993499297510e+02 2.052194876116209343e+02 3.124315487219062675e+02
8.154403669236360841e-01 1.890143361763839494e+02 2.074985796396695719e+02 3.114152562660652848e+02
8.237737027023773750e-01 1.887373533211682002e+02 2.098895126491363214e+02 3.103298160986914809e+02
8.321070386811185715e-01 1.884390359714473959e+02 2.123793577315655625e+02 3.091777431245527055e+02
8.404403746598598790e-01 1.881192808731360060e+02 2.149551722597102525e+02 3.079616353072614174e+02
8.487737104386011699e-01 1.877779995279157674e+02 2.176040955863633428e+02 3.066841535861067314e+02
8.571070464173423664e-01 1.874151212654252276e+02 2.203134316495705036e+02 3.053480011395353699e+02
8.654403823960836739e-01 1.870305962237285087e+02 2.230707183301394707e+02 3.039559024630652857e+02
8.737737181748248538e-01 1.866243980394244772e+02 2.258637854805828624e+02 3.025105818760106331e+02
8.821070541535661613e-01 1.861965262597355206e+02 2.286808020510142967e+02 3.010147418794481382e+02
8.904403901323074688e-01 1.857470085284127777e+02 2.315103127695978458e+02 2.994710418927323303e+02
8.987737259110486487e-01 1.852759023250622477e+02 2.343412667204932234e+02 2.978820769347518080e+02
9.071070618897899562e-01 1.847832962922225875e+02 2.371630383441814161e+02 2.962503567331485215e+02
9.154403978685312637e-01 1.842693112256346808e+02 2.399654413142343969e+02 2.945782858306927778e+02
9.237737336472724436e-01 1.837341004903350381e+02 2.427387375151106426e+02 2.928681442024280273e+02
9.321070696260138622e-01 1.831778499236507685e+02 2.454736414051680811e+02 2.911220689046955954e+02
9.404404056047550586e-01 1.826007773281941695e+02 2.481613199840571724e+02 2.893420373428098742e+02
9.487737413834963496e-01 1.820031313050095889e+02 2.507933902749451818e+02 2.875298516063370471e+02
9.571070773622376571e-01 1.813851895185600256e+02 2.533619143093245896e+02 2.856871244017683011e+02
9.654404133409788535e-01 1.807472565273847636e+02 2.558593915935426537e+02 2.838152671582859625e+02
9.737737491197201445e-01 1.800896609221219933e+02 2.582787506376437250e+02 2.819154796731561419e+02
9.821070850984613410e-01 1.794127518959033409e+02 2.606133393063837502e+02 2.799887418038927649e+02
9.904404210772027595e-01 1.787168954135837282e+02 2.628569138103576961e+02 2.780358077434890447e+02
9.987737568559438284e-01 1.780024697162409097e+02 2.650036276316618569e+02 2.760572021441818151e+02
1.007107092834685247e+00 1.772698603205290624e+02 2.670480200111077806e+02 2.740532185469102728e+02
1.015440428813426443e+00 1.765194547123115854e+02 2.689850037408364756e+02 2.720239205918785501e+02
1.023773764592167623e+00 1.757516364676660316e+02 2.699691451609821229e+02 2.708098533169212487e+02
1.032107100570908820e+00 1.749667789946874734e+02 2.678885078427131816e+02 2.725181930274164301e+02
1.040440436549650016e+00 1.741652391268514748e+02 2.657814111253559872e+02 2.741059847140987245e+02
1.048773772328391196e+00 1.733473502975691645e+02 2.636470543511863980e+02 2.755695160542898066e+02
1.057107108307132615e+00 1.725134155199856991e+02 2.614844457545909222e+02 2.769053889450993324e+02
1.065440444285873811e+00 1.716637004300533533e+02 2.592924169276870430e+02 2.781105077690855296e+02
1.073773780064614991e+00 1.707984261162176836e+02 2.570696386371807307e+02 2.791820681961963260e+02
1.082107116043356188e+00 1.699177619842892000e+02 2.548146382626460138e+02 2.801175461496365529e+02
1.090440452022097384e+00 1.690218189361044665e+02 2.525258191600347857e+02 2.809146867840508435e+02
1.098773787800838564e+00 1.681106425730151557e+02 2.502014807845357609e+02 2.815714939456231605e+02
1.107107123779579760e+00 1.671842066884074711e+02 2.478398398177062063e+02 2.820862198109954306e+02
1.115440459758321179e+00 1.662424073393900130e+02 2.454390525951307609e+02 2.824573546391443983e+02
1.123773795537062359e+00 1.652850571873989338e+02 2.429972376034506567e+02 2.826836169210366165e+02
1.132107131515803555e+00 1.643118803766594453e+02 2.405124982995275786e+02 2.827639437075026194e+02
1.140440467494544752e+00 1.633225082418732086e+02 2.379829465749623125e+02 2.826974811436554660e+02
1.148773803273285932e+00 1.623164755025778447e+02 2.354067255922895470e+02 2.824835753078967286e+02
1.157107139252027128e+00 1.612932172065865188e+02 2.327820322847847194e+02 2.821217632275398728e+02
1.165440475230768325e+00 1.602520667053341867e+02 2.301071398998424229e+02 2.816117641970613477e+02
1.173773811009509505e+00 1.591922542749623233e+02 2.273804192855684221e+02 2.809534713078058417e+02
1.182107146988250923e+00 1.581129066295462735e+02 2.246003592757702165e+02 2.801469431568482378e+02
1.190440482966992120e+00 1.570130475937275492e+02 2.217655866303779533e+02 2.791923959591279072e+02
1.198773818745733299e+00 1.558915994953530912e+02 2.188748842108980170e+02 2.780901957807529357e+02
1.207107154724474496e+00 1.547473855030720529e+02 2.159272078235941876e+02 2.768408509583377395e+02
1.215440490703215692e+00 1.535791331582767896e+02 2.129217022740221239e+02 2.754450050251437574e+02
1.223773826481956872e+00 1.523854786025032411e+02 2.098577152905815240e+02 2.739034296705255542e+02
1.232107162460698069e+00 1.511649717038956737e+02 2.067348098321431848e+02 2.722170178945137877e+02
1.240440498439439487e+00 1.499160823176663371e+02 2.035527754098949345e+02 2.703867777723304471e+02
1.248773834218180667e+00 1.486372071200109417e+02 2.003116370515248263e+02 2.684138261649707715e+02
1.257107170196921864e+00 1.473266772036510872e+02 1.970116625027849011e+02 2.662993826333122911e+02
1.265440506175663060e+00 1.459827666643588486e+02 1.936533683760808344e+02 2.640447640612480882e+02
1.273773841954404240e+00 1.446037015576350200e+02 1.902375238349400206e+02 2.616513791361467725e+02
1.282107177933145437e+00 1.431876694089366708e+02 1.867651524825053855e+02 2.591207230376332404e+02
1.290440513911886633e+00 1.417328295139732006e+02 1.832375332321673511e+02 2.564543729271551911e+02
1.298773849690627813e+00 1.402373233513259265e+02 1.796561987013061810e+02 2.536539832027945636e+02
1.307107185669369231e+00 1.386992852993392376e+02 1.760229318604354489e+02 2.507212809612510966e+02
1.315440521648110428e+00 1.371168539152431833e+02 1.723397617716311458e+02 2.476580623424948158e+02
1.323773857426851608e+00 1.354881830452732459e+02 1.686089569041994594e+02 2.444661885430247708e+02
1.332107193405592804e+00 1.338114529799400714e+02 1.648330168146310086e+02 2.411475820276765489e+02
1.340440529384334001e+00 1.320848819472963669e+02 1.610146630678137569e+02 2.377042236944862452e+02
1.348773865163075181e+00 1.303067371613261969e+02 1.571568278341074176e+02 2.341381496065608587e+02
1.357107201141816377e+00 1.284753456738132229e+02 1.532626409953002167e+02 2.304514479057919232e+02
1.365440537120557796e+00 1.265891053683094611e+02 1.493354166679095272e+02 2.266462567379039683e+02
1.373773872899298976e+00 1.246464952610526922e+02 1.453786375301358191e+02 2.227247616384003663e+02
1.382107208878040172e+00 1.226460854006173236e+02 1.413959378239507885e+02 2.186891930758960427e+02
1.390440544856781369e+00 1.205865467581297281e+02 1.373910859625566729e+02 2.145418250533014657e+02
1.398773880635522548e+00 1.184666602175476555e+02 1.333679650918780908e+02 2.102849730605611853e+02
1.407107216614263745e+00 1.162853250073406031e+02 1.293305525104375988e+02 2.059209921537545824e+02
1.415440552593004941e+00 1.140415670225766149e+02 1.252828988926469975e+02 2.014522761279957592e+02
1.423773888371746121e+00 1.117345460867851301e+02 1.212291056429292126e+02 1.968812559312896155e+02
1.432107224350487540e+00 1.093635625478244862e+02 1.171733013150543172e+02 1.922103981690369210e+02
1.440440560329228736e+00 1.069280637149623203e+02 1.131196180534630145e+02 1.874422047295752236e+02
1.448773896107969916e+00 1.044276491209801492e+02 1.090721663850757750e+02 1.825792115413206602e+02
1.457107232086711113e+00 1.018620750576413343e+02 1.050350093271091936e+02 1.776239873825343523e+02
1.465440568065452531e+00 9.923125894870686636e+01 1.010121367815860083e+02 1.725791338329322286e+02
1.473773903844193711e+00 9.653528247383306393e+01 9.700743857448594554e+01 1.674472842515923219e+02
1.482107239822934908e+00 9.302467714228738771e+01 9.377439394551642238e+01 1.622311027697697341e+02
1.490440575801676326e+00 8.906746085878138786e+01 9.094901055746443319e+01 1.569332844424046414e+02
1.498773911580417506e+00 8.513921642313334814e+01 8.805971934376179888e+01 1.515565543275370430e+02
1.507107247559158703e+00 8.124316136000622635e+01 8.510727740350219506e+01 1.461036665458434243e+02
1.515440583537900121e+00 7.738227766023749155e+01 8.209261205968140018e+01 1.405774045141547504e+02
1.523773919316641301e+00 7.355928508132433308e+01 7.901681971625345113e+01 1.349805800180799054e+02
1.532107255295382719e+00 6.977661521858163951e+01 7.588116401853781667e+01 1.293160322352891569e+02
1.540440591274123916e+00 6.603638742427220620e+01 7.268707403165619496e+01 1.235866279485870223e+02
1.548773927052865096e+00 6.234038522036047425e+01 6.943614112630774571e+01 1.177952605211767434e+02
1.557107263031606514e+00 5.869003437913114141e+01 6.613011522497532724e+01 1.119448488003748281e+02
1.565440599010347933e+00 5.508638379848922284e+01 6.277090116407693188e+01 1.060383372290462205e+02
1.573773934789089113e+00 5.153008794859376707e+01 5.936055379001965093e+01 1.000786946559208985e+02
1.582107270767830531e+00 4.802139210487987953e+01 5.590127248700405715e+01 9.406891306074437864e+01
1.590440606746571728e+00 4.456012151256854992e+01 5.239539592734998763e+01 8.801200750815753793e+01
1.598773942525312908e+00 4.114567334967450307e+01 4.884539559653883600e+01 8.191101475179880254e+01
1.607107278504054104e+00 3.777701267549222308e+01 4.525386883176290098e+01 7.576899174884319166e+01
1.615440614482795523e+00 3.445267344596214798e+01 4.162353219401051518e+01 6.958901542761995529e+01
1.623773950261536703e+00 3.117076345146317706e+01 3.795721366775877215e+01 6.337418107173445492e+01
1.632107286240278121e+00 2.792897421239647926e+01 3.425784446355664414e+01 5.712760061934609013e+01
1.640440622219019318e+00 2.472459671792953273e+01 3.052845126635211415e+01 5.085240224275416665e+01
1.648773957997760498e+00 2.155454170068621877e+01 2.677214737493995500e+01 4.455172852526105487e+01
1.657107293976501694e+00 1.841536517954784102e+01 2.299212353918389695e+01 3.822873456621201882e+01
1.665440629955242891e+00 1.530329981875504508e+01 1.919163935390192322e+01 3.188658739531210884e+01
1.673773965733984070e+00 1.221429049028544966e+01 1.537401361696661439e+01 2.552846397835841685e+01
1.682107301712725489e+00 9.144034361023834379e+00 1.154261448390791500e+01 1.915754917100691657e+01
1.690440637691466685e+00 6.088025648590815742e+00 7.700850286852066517e+00 1.277703501082204696e+01
1.698773973470207865e+00 3.041603081639163264e+00 3.852159399541905227e+00 6.390118606523875755e+00
1.707107309448949062e+00 2.643687704040951992e-06 4.272604135654514893e-06 4.356690966223951052e-06
1.714858861637136078e+00 3.350637407715931992e+00 3.350660316931609817e+00 5.807017824286534236e+00
1.722610413825323539e+00 6.699237308473435348e+00 6.699283008009728313e+00 1.161334424336507176e+01
1.730361966135985030e+00 1.004376074148150799e+01 1.004382899404391338e+01 1.741827912327025629e+01
1.738113518324172491e+00 1.338216562363462714e+01 1.338225607449545151e+01 2.322110448974296304e+01
1.745865070512359507e+00 1.671240570787558610e+01 1.671251788632645940e+01 2.902107648461412026e+01
1.753616622700546746e+00 2.003242915917459044e+01 2.003256248044804266e+01 3.481741662892683564e+01
1.761368175011208459e+00 2.334017763938184586e+01 2.334033140702724296e+01 4.060930393087784296e+01
1.769119727199395475e+00 2.663358531452345446e+01 2.663375872322463067e+01 4.639586680676327290e+01
1.776871279387582714e+00 2.991057866223683703e+01 2.991077080105289099e+01 5.217617634264411208e+01
1.784622831575769730e+00 3.316907607215414799e+01 3.316928592816219634e+01 5.794923912526841292e+01
1.792374383886431666e+00 3.640698810943863606e+01 3.640721457175674658e+01 6.371399115976884531e+01
1.800125936074618904e+00 3.962221785192872403e+01 3.962245971609407746e+01 6.946929182654587009e+01
1.807877488262805921e+00 4.281266214640372425e+01 4.281291811908196365e+01 7.521391937656659366e+01
1.815629040450993159e+00 4.597621278266201728e+01 4.597648148665680878e+01 8.094656617860272263e+01
1.823380592761654873e+00 4.911075842030497540e+01 4.911103839984350827e+01 8.666583520387209205e+01
1.831132144949842111e+00 5.221418667672558911e+01 5.221447640298806192e+01 9.237023668127274334e+01
1.838883697138029127e+00 5.528438717675781078e+01 5.528468505362407370e+01 9.805818638417530053e+01
1.846635249326216588e+00 5.831925457556811665e+01 5.831955894555174780e+01 1.037280037493761995e+02
1.854386801636878079e+00 6.131669234312151673e+01 6.131700149346145423e+01 1.093779112746507849e+02
1.862138353825065096e+00 6.427461672116122315e+01 6.427492889004335552e+01 1.150060341120223768e+02
1.869889906013252556e+00 6.719096159840661642e+01 6.719127498128833054e+01 1.206104012739514388e+02
1.877641458201439573e+00 7.006368333869718867e+01 7.006399609470791745e+01 1.261889466494541807e+02
1.885393010512101508e+00 7.289076629565843746e+01 7.289107655405113917e+01 1.317395112344902373e+02
1.893144562700288525e+00 7.567022843461892023e+01 7.567053430124867930e+01 1.372598454868465296e+02
1.900896114888475541e+00 7.840012774596857525e+01 7.840042730977627627e+01 1.427476131765182288e+02
1.908647667076663001e+00 8.107856852054750618e+01 8.107885986002791867e+01 1.482003949404069658e+02
1.916399219264850018e+00 8.370370811916686193e+01 8.370398930880404009e+01 1.536156928173536187e+02
1.924150771575511953e+00 8.627376396340653741e+01 8.627403308005669658e+01 1.589909352771247768e+02
1.931902323763698970e+00 8.878702050391264322e+01 8.878727563312388327e+01 1.643234822765255103e+02
1.939653875951886208e+00 9.124183672312165072e+01 9.124207596537378606e+01 1.696106315665233524e+02
1.947405428140073225e+00 9.363665330727444314e+01 9.363687478413042697e+01 1.748496245015293198e+02
1.955156980450734938e+00 9.597000008006337168e+01 9.597020194022148587e+01 1.800376526569485236e+02
1.962908532638922177e+00 9.824050317556141465e+01 9.824068360080408979e+01 1.851718642022318306e+02
1.970660084827109415e+00 1.004468924824490443e+02 1.004470496934766857e+02 1.902493712905627206e+02
1.978411637015296654e+00 1.025880085607952452e+02 1.025881408229473237e+02 1.952672567742202148e+02
1.986163189325958367e+00 1.046628095564829124e+02 1.046629151853378090e+02 2.002225815046122932e+02
1.993914741514145383e+00 1.066703776317446710e+02 1.066704549986031196e+02 2.051123912063936530e+02
2.001666293702332400e+00 1.086099253737499168e+02 1.086099729109916154e+02 2.099337241323053149e+02
2.009417845890519416e+00 1.104808014605163606e+02 1.104808176668386608e+02 2.146836178868275340e+02
2.017169398201181352e+00 1.122824794868290610e+02 1.122824960412963691e+02 2.193591166253737867e+02
2.024920950389368368e+00 1.140145947303143004e+02 1.140146453990116981e+02 2.239572776752475249e+02
2.032672502577555829e+00 1.156769502327765906e+02 1.156770362878436487e+02 2.284751787240090835e+02
2.040424054765742845e+00 1.172694866855178333e+02 1.172696093130398936e+02 2.329099240621758042e+02
2.048175607076404336e+00 1.187923014485741362e+02 1.187924617439547745e+02 2.372586510271966063e+02
2.055927159264591797e+00 1.202456504212024555e+02 1.202458493846574044e+02 2.415185357645089539e+02
2.063678711452778813e+00 1.216299492988477766e+02 1.216301878310329982e+02 2.456867993818314062e+02
2.071430263640966274e+00 1.229457736799528362e+02 1.229460525777241600e+02 2.497607131001563801e+02
2.079181815951627765e+00 1.241938583533986531e+02 1.241941783057186797e+02 2.537376034790990502e+02
2.086933368139814782e+00 1.253750954558508681e+02 1.253754570398453438e+02 2.576148569125771814e+02
2.094684920328002242e+00 1.264905317735503303e+02 1.264909354507363304e+02 2.613899243914721637e+02
2.102436472516189259e+00 1.275413647566307986e+02 1.275418108693305328e+02 2.650603252684195468e+02
2.110188024826851194e+00 1.285289375284259847e+02 1.285294262963838889e+02 2.686236510222064453e+02
2.117939577015038211e+00 1.294547326540194661e+02 1.294552641712468528e+02 2.720775683061279437e+02
2.125691129203225227e+00 1.303203649045846078e+02 1.303209391364659382e+02 2.754198221864492098e+02
2.133442681391412243e+00 1.311275726997873505e+02 1.311281894804711499e+02 2.786482384501412639e+02
2.141194233579599260e+00 1.318782084695334049e+02 1.318788674996472992e+02 2.817607258391582263e+02
2.148945785890260751e+00 1.325742278665233016e+02 1.325749287112506067e+02 2.847552779275778221e+02
2.156697338078447768e+00 1.332176778106590120e+02 1.332184198982167516e+02 2.876299744324752510e+02
2.164448890266634784e+00 1.338106835710360087e+02 1.338114661916013688e+02 2.903829826799080251e+02
2.172200442454821800e+00 1.343554347234016006e+02 1.343562570285312461e+02 2.930125582980975310e+02
2.179951994765483292e+00 1.348541702307741161e+02 1.348550312333623822e+02 2.955170459113279549e+02
2.187703546953670308e+00 1.353091626229979170e+02 1.353100611978196071e+02 2.978948793356077545e+02
2.195455099141857325e+00 1.357227015087276811e+02 1.357236363936179941e+02 3.001445819366047090e+02
2.203206651330044785e+00 1.360970763846636089e+02 1.360980461823726841e+02 3.022647663830824740e+02
2.210958203640706277e+00 1.364345590054616935e+02 1.364355621862277417e+02 3.042541344504642780e+02
2.218709755828893737e+00 1.367373853888259134e+02 1.367384202936985389e+02 3.061114764748651282e+02
2.226461308017080754e+00 1.370077377109253121e+02 1.370088025558757465e+02 3.078356709909878077e+02
2.234212860205267770e+00 1.372477261668538802e+02 1.372488190476842647e+02 3.094256839516356195e+02
2.241964412515929705e+00 1.374593710724520861e+02 1.374604899705223602e+02 3.108805680536648879e+02
2.249715964704116722e+00 1.376445853551745415e+02 1.376457281439431881e+02 3.121994618695599684e+02
2.257467516892303738e+00 1.378051576936234710e+02 1.378063221459979388e+02 3.133815891813081862e+02
2.265219069080490755e+00 1.379427364455879399e+02 1.379439202420552704e+02 3.144262580803486458e+02
2.272970621391152246e+00 1.380588146217610017e+02 1.380600153592678794e+02 3.153328602192150356e+02
2.280722173579339707e+00 1.381547160719540841e+02 1.381559312734844127e+02 3.161008700116206569e+02
2.288473725767526723e+00 1.382315831016312302e+02 1.382328102264215772e+02 3.167298440331617826e+02
2.296225277955714184e+00 1.382903656551664255e+02 1.382916021094840460e+02 3.172194203527383820e+02
2.303976830266375675e+00 1.383318122489786788e+02 1.383330553973774215e+02 3.175693180338600996e+02
2.311728382454563135e+00 1.383564627715013273e+02 1.383577099484582220e+02 3.177793366987479544e+02
2.319479934642750152e+00 1.383646432674745199e+02 1.383658917893081934e+02 3.178493562575253577e+02
