    0.000000    -0.000000    -0.000000     0.000000
    0.011785     4.300300     4.300300     9.641800
    0.023570     8.610200     8.610200    19.272400
    0.035355    12.938900    12.938900    28.880500
    0.047140    17.295100    17.295100    38.454800
    0.058926    21.686200    21.686200    47.984000
    0.070711    26.118600    26.118600    57.456900
    0.082496    30.597000    30.597000    66.862100
    0.094281    35.124500    35.124500    76.188300
    0.106066    39.702500    39.702500    85.424300
    0.117851    44.330500    44.330500    94.558800
    0.129636    49.006100    49.006100   103.580700
    0.141421    53.725300    53.725300   112.479100
    0.153206    58.482500    58.482500   121.243300
    0.164992    63.270300    63.270300   129.862800
    0.176777    68.080300    68.080300   138.327500
    0.188562    72.902600    72.902600   146.627700
    0.200347    77.726700    77.726700   154.754400
    0.212132    82.541300    82.541300   162.698800
    0.223917    87.334500    87.334500   170.453200
    0.235702    92.094300    92.094300   178.010300
    0.247487    96.808700    96.808700   185.363900
    0.259272   101.465700   101.465700   192.508400
    0.271058   106.053700   106.053700   199.439200
    0.282843   110.562000   110.562000   206.152900
    0.294628   114.980100   114.980100   212.646700
    0.306413   119.298700   119.298700   218.919000
    0.318198   123.509300   123.509300   224.969200
    0.329983   127.604300   127.604300   230.797500
    0.341768   131.577400   131.577400   236.405300
    0.353553   135.423300   135.423300   241.794400
    0.365339   139.137700   139.137700   246.967700
    0.377124   142.717400   142.717400   251.928700
    0.388909   146.160400   146.160400   256.681400
    0.400694   149.465500   149.465500   261.230400
    0.412479   152.632300   152.632300   265.580400
    0.424264   155.661200   155.661200   269.736300
    0.436049   158.553200   158.553200   273.703300
    0.447834   161.310100   161.310100   277.486400
    0.459619   163.933600   163.933600   281.090100
    0.471405   166.426000   166.426000   284.519100
    0.483190   168.789600   168.789600   287.777300
    0.494975   171.026700   171.026700   290.868300
    0.506760   173.139500   173.139500   293.794900
    0.518545   175.130000   175.130000   296.559500
    0.530330   176.999900   176.999900   299.163700
    0.542115   178.750600   178.750600   301.608600
    0.553900   180.383200   180.383200   303.894400
    0.565685   181.898200   181.898200   306.021000
    0.577471   183.296000   183.296000   307.987500
    0.589256   184.576400   184.576400   309.792700
    0.601041   185.739100   185.739100   311.435000
    0.612826   186.783200   186.783200   312.912400
    0.624611   187.708100   187.708100   314.222900
    0.636396   188.512600   188.512600   315.364200
    0.648181   189.195600   189.195600   316.334300
    0.659966   189.756200   189.756200   317.131100
    0.671751   190.193400   190.193400   317.752800
    0.683537   190.506300   190.506300   318.198000
    0.695322   190.694300   190.694300   318.465600
    0.707107   190.757000   190.757000   318.554800
    0.715440   190.747000   190.866800   318.511300
    0.723773   190.717000   191.195600   318.380600
    0.732107   190.667000   191.740800   318.163300
    0.740440   190.596900   192.498500   317.859800
    0.748773   190.506600   193.463100   317.471000
    0.757107   190.396200   194.627900   316.998000
    0.765440   190.265400   195.984600   316.441900
    0.773773   190.114100   197.524100   315.804200
    0.782107   189.942400   199.236000   315.086700
    0.790440   189.749900   201.109300   314.291100
    0.798773   189.536600   203.132300   313.419300
    0.807107   189.302400   205.292600   312.473700
    0.815440   189.047100   207.577700   311.456400
    0.823773   188.770500   209.974700   310.369900
    0.832107   188.472700   212.470500   309.216800
    0.840440   188.153400   215.052200   307.999500
    0.848773   187.812600   217.706800   306.720800
    0.857107   187.450100   220.421600   305.383300
    0.865440   187.066000   223.184100   303.989900
    0.873773   186.660200   225.982000   302.543200
    0.882107   186.232700   228.803500   301.046000
    0.890440   185.783400   231.637100   299.500800
    0.898773   185.312600   234.471700   297.910300
    0.907107   184.820200   237.296600   296.277100
    0.915440   184.306400   240.101600   294.603500
    0.923773   183.771300   242.877000   292.891700
    0.932107   183.215100   245.613500   291.144100
    0.940440   182.638000   248.302300   289.362400
    0.948773   182.040300   250.934900   287.548600
    0.957107   181.422200   253.503400   285.704300
    0.965440   180.784100   256.000400   283.830800
    0.973773   180.126200   258.418700   281.929300
    0.982107   179.448900   260.751800   280.001000
    0.990440   178.752700   262.993300   278.046400
    0.998773   178.037700   265.137600   276.066200
    1.007107   177.304600   267.179000   274.060600
    1.015440   176.553500   269.112700   272.029800
    1.023773   175.785000   269.973400   270.933800
    1.032107   174.999400   267.891300   272.638000
    1.040440   174.197000   265.782700   274.221300
    1.048773   173.378300   263.646900   275.680100
    1.057107   172.543400   261.482900   277.011000
    1.065440   171.692700   259.289400   278.210900
    1.073773   170.826400   257.065300   279.277000
    1.082107   169.944700   254.809000   280.206900
    1.090440   169.047700   252.518900   280.998300
    1.098773   168.135400   250.193400   281.649300
    1.107107   167.207900   247.830500   282.158200
    1.115440   166.265000   245.428600   282.523500
    1.123773   165.306500   242.985700   282.743900
    1.132107   164.332200   240.499900   282.818500
    1.140440   163.341700   237.969400   282.746300
    1.148773   162.334600   235.392200   282.526900
    1.157107   161.310200   232.766600   282.159700
    1.165440   160.268000   230.090900   281.644500
    1.173773   159.207200   227.363300   280.981200
    1.182107   158.126900   224.582500   280.169900
    1.190440   157.026100   221.747000   279.210900
    1.198773   155.903800   218.855600   278.104500
    1.207107   154.758700   215.907300   276.851300
    1.215440   153.589700   212.901200   275.451900
    1.223773   152.395300   209.836700   273.907100
    1.232107   151.174200   206.713200   272.217900
    1.240440   149.924700   203.530700   270.385100
    1.248773   148.645300   200.289100   268.410000
    1.257107   147.334300   196.988800   266.293800
    1.265440   145.990000   193.630100   264.037800
    1.273773   144.610600   190.213900   261.643400
    1.282107   143.194300   186.741200   259.112100
    1.290440   141.739200   183.213300   256.445500
    1.298773   140.243600   179.631800   253.645200
    1.307107   138.705500   175.998300   250.712800
    1.315440   137.123000   172.314900   247.650300
    1.323773   135.494400   168.584000   244.459500
    1.332107   133.817700   164.807900   241.142200
    1.340440   132.091300   160.989500   237.700400
    1.348773   130.313300   157.131500   234.136200
    1.357107   128.482100   153.237300   230.451600
    1.365440   126.596100   149.310100   226.648600
    1.373773   124.653700   145.353300   222.729600
    1.382107   122.653600   141.370600   218.696600
    1.390440   120.594400   137.365800   214.551900
    1.398773   118.474800   133.342800   210.297800
    1.407107   116.293800   129.305500   205.936700
    1.415440   114.050300   125.257900   201.470800
    1.423773   111.743600   121.204300   196.902700
    1.432107   109.372900   117.148700   192.234700
    1.440440   106.937700   113.095200   187.469300
    1.448773   104.437600   109.048000   182.609000
    1.457107   101.872300   105.011100   177.656400
    1.465440    99.241700   100.988600   172.614000
    1.473773    96.545900    96.984200   167.484400
    1.482107    93.001800    93.785200   162.270400
    1.490440    89.045000    90.959900   156.974500
    1.498773    85.117200    88.070700   151.599400
    1.507107    81.221600    85.118300   146.148000
    1.515440    77.361200    82.103700   140.622900
    1.523773    73.538800    79.027900   135.027000
    1.532107    69.756700    75.892100   129.363100
    1.540440    66.017000    72.697900   123.634000
    1.548773    62.321700    69.446800   117.842700
    1.557107    58.672000    66.140600   111.992100
    1.565440    55.069100    62.781100   106.085000
    1.573773    51.513600    59.370400   100.124500
    1.582107    48.005700    55.910800    94.113600
    1.590440    44.545300    52.404500    88.055200
    1.598773    41.131700    48.854100    81.952500
    1.607107    37.763900    45.262000    75.808500
    1.615440    34.440500    41.631200    69.626200
    1.623773    31.159600    37.964300    63.408900
    1.632107    27.918800    34.264300    57.159500
    1.640440    24.715500    30.534300    50.881400
    1.648773    21.546500    26.777300    44.577500
    1.657107    18.408400    22.996600    38.251200
    1.665440    15.297500    19.195400    31.905500
    1.673773    12.209600    15.377100    25.543800
    1.682107     9.140500    11.544900    19.169100
    1.690440     6.085700     7.702400    12.784800
    1.698773     3.040400     3.852900     6.394000
    1.707107    -0.000000    -0.000000     0.000000
    1.714858     3.350800     3.350800     5.810400
    1.722610     6.699600     6.699600    11.620100
    1.730361    10.044400    10.044400    17.428400
    1.738113    13.383000    13.383000    23.234500
    1.745865    16.713400    16.713400    29.037700
    1.753616    20.033600    20.033600    34.837200
    1.761368    23.341600    23.341600    40.632200
    1.769119    26.635200    26.635200    46.421800
    1.776871    29.912400    29.912400    52.205100
    1.784622    33.171100    33.171100    57.980900
    1.792374    36.409200    36.409200    63.748400
    1.800125    39.624700    39.624700    69.506300
    1.807877    42.815300    42.815300    75.253300
    1.815628    45.979100    45.979100    80.988300
    1.823380    49.113900    49.113900    86.709700
    1.831132    52.217600    52.217600    92.416100
    1.838883    55.288100    55.288100    98.105900
    1.846635    58.323300    58.323300   103.777500
    1.854386    61.321200    61.321200   109.428900
    1.862138    64.279500    64.279500   115.058400
    1.869889    67.196400    67.196400   120.664000
    1.877641    70.069600    70.069600   126.243600
    1.885392    72.897300    72.897300   131.795100
    1.893144    75.677500    75.677500   137.316200
    1.900896    78.408200    78.408200   142.804600
    1.908647    81.087500    81.087500   148.257800
    1.916399    83.713700    83.713700   153.673500
    1.924150    86.284800    86.284800   159.048900
    1.931902    88.799300    88.799300   164.381500
    1.939653    91.255500    91.255500   169.668600
    1.947405    93.651900    93.651900   174.907400
    1.955156    95.986900    95.986900   180.095100
    1.962908    98.259200    98.259200   185.229000
    1.970659   100.467600   100.467600   190.306000
    1.978411   102.610900   102.610900   195.323300
    1.986163   104.688000   104.688000   200.278000
    1.993914   106.698100   106.698100   205.167100
    2.001666   108.640400   108.640400   209.987700
    2.009417   110.514200   110.514200   214.736700
    2.017169   112.319100   112.319100   219.411400
    2.024920   114.054600   114.054600   224.008600
    2.032672   115.720500   115.720500   228.525600
    2.040423   117.316800   117.316800   232.959400
    2.048175   118.843600   118.843600   237.307200
    2.055927   120.301100   120.301100   241.566100
    2.063678   121.689800   121.689800   245.733400
    2.071430   123.010200   123.010200   249.806300
    2.079181   124.263000   124.263000   253.782300
    2.086933   125.449200   125.449200   257.658600
    2.094684   126.569700   126.569700   261.432700
    2.102436   127.625700   127.625700   265.102200
    2.110187   128.618700   128.618700   268.664700
    2.117939   129.549900   129.549900   272.117800
    2.125690   130.421100   130.421100   275.459200
    2.133442   131.233900   131.233900   278.686900
    2.141194   131.990300   131.990300   281.798700
    2.148945   132.692000   132.692000   284.792500
    2.156697   133.341200   133.341200   287.666600
    2.164448   133.939900   133.939900   290.419000
    2.172200   134.490400   134.490400   293.048000
    2.179951   134.994700   134.994700   295.551900
    2.187703   135.455300   135.455300   297.929300
    2.195454   135.874200   135.874200   300.178500
    2.203206   136.253800   136.253800   302.298300
    2.210958   136.596400   136.596400   304.287300
    2.218709   136.904100   136.904100   306.144300
    2.226461   137.179100   137.179100   307.868200
    2.234212   137.423500   137.423500   309.457900
    2.241964   137.639200   137.639200   310.912600
    2.249715   137.828300   137.828300   312.231200
    2.257467   137.992300   137.992300   313.413200
    2.265218   138.133000   138.133000   314.457700
    2.272970   138.251800   138.251800   315.364200
    2.280721   138.350100   138.350100   316.132000
    2.288473   138.428900   138.428900   316.760900
    2.296225   138.489200   138.489200   317.250400
    2.303976   138.531700   138.531700   317.600300
    2.311728   138.557000   138.557000   317.810300
    2.319479   138.565400   138.565400   317.880300
