0.000000000000000000e+00 0.000000000000000000e+00 2.808328447915542063e-06 3.271092376233995592e-06
1.178511661952620117e-02 4.769680629749234235e+00 4.769740821272794307e+00 9.280520369631441113e+00
2.357023338047380123e-02 9.540524929425322043e+00 9.540643411622541592e+00 1.855005329374838396e+01
3.535535000000000067e-02 1.431358384396927264e+01 1.431375687715800105e+01 2.779763756938486807e+01
4.714046661952620010e-02 1.908968699763172694e+01 1.908990912488738090e+01 3.701236591952773836e+01
5.892558338047380190e-02 2.386934065800537752e+01 2.386960488158622340e+01 4.618341252806519037e+01
7.071070000000000133e-02 2.865263593844811751e+01 2.865293394425430762e+01 5.530006180343103495e+01
8.249581661952620770e-02 3.343917049872183611e+01 3.343949292028077025e+01 6.435173964963465210e+01
9.428093338047380256e-02 3.822798493394136443e+01 3.822832164613719641e+01 7.332804546881277474e+01
1.060660500000000089e-01 4.301751600060387659e+01 4.301785643254376623e+01 8.221878600447651309e+01
1.178511666195262153e-01 4.780556820543942109e+01 4.780590166151063158e+01 9.101401195943454070e+01
1.296362833804738102e-01 5.258930309928640412e+01 5.258961907756661702e+01 9.970405530149825779e+01
1.414214000000000027e-01 5.736524656320826665e+01 5.736553506092485577e+01 1.082795679741728492e+02
1.532065166195262229e-01 6.212931381273633491e+01 6.212956560933538697e+01 1.167315625152108254e+02
1.649916333804738178e-01 6.687684980183499306e+01 6.687705671138914454e+01 1.250514521673121493e+02
1.767767500000000103e-01 7.160268384650800044e+01 7.160283893256001875e+01 1.332310907991827946e+02
1.885618666195262028e-01 7.630119694732665891e+01 7.630129469475500059e+01 1.412628127458547738e+02
2.003469833804737976e-01 8.096639851122078824e+01 8.096643495129839607e+01 1.491394699290036954e+02
2.121321000000000179e-01 8.559198334846026057e+01 8.559201056206912028e+01 1.568544662936211296e+02
2.239172166195262104e-01 9.017146586376087214e+01 9.017155742878242108e+01 1.644017894338396104e+02
2.357023333804738052e-01 9.469830240207514294e+01 9.469845739042699506e+01 1.717760367598319249e+02
2.474874499999999977e-01 9.916589841755485679e+01 9.916611434504318368e+01 1.789724361797426582e+02
2.592725666195262457e-01 1.035677347084251920e+02 1.035680076479913794e+02 1.859868611812002825e+02
2.710576833804738128e-01 1.078974522439697523e+02 1.078977769780251350e+02 1.928158379396696489e+02
2.828428000000000053e-01 1.121489305782097858e+02 1.121493007846628842e+02 1.994565446400368103e+02
2.946279166195262533e-01 1.163163585917524898e+02 1.163167670575565609e+02 2.059068031909913543e+02
3.064130333804738204e-01 1.203942951886385799e+02 1.203947340440580263e+02 2.121650615258763253e+02
3.181981500000000129e-01 1.243777192956652016e+02 1.243781802620304262e+02 2.182303671507993670e+02
3.299832666195262054e-01 1.282620687494114406e+02 1.282625433928705547e+02 2.241023326584473523e+02
3.417683833804738280e-01 1.320432666777392683e+02 1.320437466614369555e+02 2.297810921853265143e+02
3.535535000000000205e-01 1.357177356580215246e+02 1.357182129852527055e+02 2.352672501127390206e+02
3.653386166195262685e-01 1.392824001745347289e+02 1.392828674157334206e+02 2.405618233865004925e+02
3.771237333804738356e-01 1.427346770167532668e+02 1.427351275136723530e+02 2.456661772749672537e+02
3.889088500000000281e-01 1.460724548201049799e+02 1.460728828612397479e+02 2.505819564903769958e+02
4.006939666195262206e-01 1.492940641388096026e+02 1.492944651009838424e+02 2.553110136197982456e+02
4.124790833804738432e-01 1.523982386046702118e+02 1.523986090567428278e+02 2.598553353611508214e+02
4.242642000000000357e-01 1.553840690927438288e+02 1.553844068585734703e+02 2.642169688708850117e+02
4.360493166195262282e-01 1.582509528869181565e+02 1.582512570660076392e+02 2.683979504255281086e+02
4.478344333804737953e-01 1.609985389850847355e+02 1.609988099307082052e+02 2.724002371793793600e+02
4.596195500000000433e-01 1.636266717862624489e+02 1.636269110422702795e+02 2.762256442645917218e+02
4.714046666195261803e-01 1.661353353032902760e+02 1.661355455021783314e+02 2.798757892080933516e+02
4.831897833804738585e-01 1.685245991279486475e+02 1.685247838541003205e+02 2.833520442194573548e+02
4.949748999999999954e-01 1.707945681771913371e+02 1.707947318004073054e+02 2.866554980221405913e+02
5.067600166195261879e-01 1.729453379662766679e+02 1.729454854517346121e+02 2.897869284779931149e+02
5.185451333804738105e-01 1.749769561797623680e+02 1.749770928813832995e+02 2.927467858685810711e+02
5.303302500000000030e-01 1.768893918397129141e+02 1.768895232844768373e+02 2.955351875362158580e+02
5.421153666195263066e-01 1.786825129551746159e+02 1.786826446262208208e+02 2.981519240921940650e+02
5.539004833804738182e-01 1.803560725765713926e+02 1.803562097029309825e+02 3.005964761400173870e+02
5.656856000000000106e-01 1.819097035263179407e+02 1.819098508868299291e+02 3.028680411317193375e+02
5.774707166195262031e-01 1.833429216364940260e+02 1.833430833848828456e+02 3.049655695165899374e+02
5.892558333804738258e-01 1.846551364962546131e+02 1.846553160135173357e+02 3.068878083209293663e+02
6.010409500000000182e-01 1.858456690004479697e+02 1.858458687796392610e+02 3.086333509069070828e+02
6.128260666195262107e-01 1.869137746440683543e+02 1.869139962113397075e+02 3.102006913309471088e+02
6.246111833804738334e-01 1.878586709239618813e+02 1.878589147983377359e+02 3.115882810264836280e+02
6.363963000000000259e-01 1.886795675361464362e+02 1.886798332290788096e+02 3.127945861484245711e+02
6.481814166195262183e-01 1.893756978828981232e+02 1.893759839371787734e+02 3.138181437654527031e+02
6.599665333804738410e-01 1.899463501264188778e+02 1.899466541925914953e+02 3.146576147473957121e+02
6.717516500000000335e-01 1.903908964248662983e+02 1.903912153719319065e+02 3.153118318139869416e+02
6.835367666195262260e-01 1.907088189971162251e+02 1.907091490531056479e+02 3.157798412254322784e+02
6.953218833804738486e-01 1.908997316833792581e+02 1.909000686003107603e+02 3.160609365902856212e+02
7.071070000000000411e-01 1.909633961062917535e+02 1.909637353431752729e+02 3.161546838454755175e+02
7.154403359787412375e-01 1.909544367054357394e+02 1.910734873124335707e+02 3.161173837788536503e+02
7.237736717574824175e-01 1.909270402275367928e+02 1.914024368463556414e+02 3.160055507975554292e+02
7.321070077362237249e-01 1.908813448947133793e+02 1.919479878483440416e+02 3.158193860565345972e+02
7.404403437149650324e-01 1.908172999132558800e+02 1.927061473033435846e+02 3.155592232125402461e+02
7.487736794937062124e-01 1.907348349668997400e+02 1.936714322268447859e+02 3.152255260169409325e+02
7.571070154724475199e-01 1.906338612453324686e+02 1.948369708148841255e+02 3.148188849362680912e+02
7.654403514511887163e-01 1.905142726481239492e+02 1.961946244320058952e+02 3.143400129350121688e+02
7.737736872299298962e-01 1.903759471938163870e+02 1.977351257360127192e+02 3.137897403051530318e+02
7.821070232086710927e-01 1.902187486280552093e+02 1.994482275285816399e+02 3.131690086107637399e+02
7.904403591874124002e-01 1.900425282486206129e+02 2.013228566784583791e+02 3.124788639470808107e+02
7.987736949661535801e-01 1.898471268621115655e+02 2.033472689487480523e+02 3.117204493236691292e+02
8.071070309448948876e-01 1.896323768637784895e+02 2.055092002448498931e+02 3.108949963069335354e+02
8.154403669236360841e-01 1.893981044627694530e+02 2.077960102635827013e+02 3.100038161830829040e+02
8.237737027023773750e-01 1.891441319365454774e+02 2.101948167353404244e+02 3.090482903789714442e+02
8.321070386811185715e-01 1.888702799129191021e+02 2.126926180047690309e+02 3.080298603402784465e+02
8.404403746598598790e-01 1.885763697110258192e+02 2.152764022264228743e+02 3.069500171852761241e+02
8.487737104386011699e-01 1.882622255970170215e+02 2.179332437330295136e+02 3.058102908020258042e+02
8.571070464173423664e-01 1.879276769638718463e+02 2.206503861612640378e+02 3.046122386479675583e+02
8.654403823960836739e-01 1.875725604797439132e+02 2.234153121929274732e+02 3.033574346209247210e+02
8.737737181748248538e-01 1.871967220356923747e+02 2.262158018495599379e+02 3.020474576015719208e+02
8.821070541535661613e-01 1.868000185172144825e+02 2.290399797801441366e+02 3.006838799787197445e+02
8.904403901323074688e-01 1.863823194610739620e+02 2.318763520134363318e+02 2.992682565688502905e+02
8.987737259110486487e-01 1.859435084062712349e+02 2.347138345354445903e+02 2.978021134623356261e+02
9.071070618897899562e-01 1.854834839824203812e+02 2.375417742280350808e+02 2.962869371505286153e+02
9.154403978685312637e-01 1.850021608176892585e+02 2.403499626326773182e+02 2.947241643772329098e+02
9.237737336472724436e-01 1.844994700557369924e+02 2.431286447762674641e+02 2.931151721775982537e+02
9.321070696260138622e-01 1.839753595470961329e+02 2.458685233495220643e+02 2.914612684898003181e+02
9.404404056047550586e-01 1.834297938206997287e+02 2.485607584626195887e+02 2.897636838033556614e+02
9.487737413834963496e-01 1.828627536077218565e+02 2.511969648960770769e+02 2.880235632341548921e+02
9.571070773622376571e-01 1.822742350079131768e+02 2.537692068373513337e+02 2.862419594299396977e+02
9.654404133409788535e-01 1.816642484297205158e+02 2.562699900848774632e+02 2.844198267784215091e+02
9.737737491197201445e-01 1.810328170606163383e+02 2.586922533044547095e+02 2.825580162305751060e+02
9.821070850984613410e-01 1.803799749841675180e+02 2.610293580987011524e+02 2.806572711487735319e+02
9.904404210772027595e-01 1.797057651017578905e+02 2.632750777086693574e+02 2.787182246496936955e+02
9.987737568559438284e-01 1.790102366004121279e+02 2.654235856445124000e+02 2.767413976726631972e+02
1.007107092834685247e+00 1.782934421100857776e+02 2.674694438722087284e+02 2.747271981791926123e+02
1.015440428813426443e+00 1.775554347348831641e+02 2.694075902983045694e+02 2.726759219463767749e+02
1.023773764592167623e+00 1.767962646844728738e+02 2.705877539764656490e+02 2.712333267327751969e+02
1.032107100570908820e+00 1.760159756751068869e+02 2.684627716436518199e+02 2.729423061799254810e+02
1.040440436549650016e+00 1.752146013099710444e+02 2.663009480707159469e+02 2.745305211509705146e+02
1.048773772328391196e+00 1.743921611485507128e+02 2.641021577815386081e+02 2.759942908621290485e+02
1.057107108307132615e+00 1.735486566583162471e+02 2.618661822678684530e+02 2.773302496467770766e+02
1.065440444285873811e+00 1.726840672811558193e+02 2.595927174130727053e+02 2.785353348558132325e+02
1.073773780064614991e+00 1.717983463049003774e+02 2.572813813070753213e+02 2.796067753500675508e+02
1.082107116043356188e+00 1.708914167536197510e+02 2.549317228817968441e+02 2.805420801613254298e+02
1.090440452022097384e+00 1.699631675480986246e+02 2.525432318019175284e+02 2.813390271705856094e+02
1.098773787800838564e+00 1.690134496033176958e+02 2.501153485198939848e+02 2.819956522742042466e+02
1.107107123779579760e+00 1.680420720923224280e+02 2.476474748746439332e+02 2.825102387361207548e+02
1.115440459758321179e+00 1.670487991422793357e+02 2.451389856756939309e+02 2.828813066616874607e+02
1.123773795537062359e+00 1.660333466006057392e+02 2.425892401171233814e+02 2.831076028791979979e+02
1.132107131515803555e+00 1.649953791108976304e+02 2.399975934145363112e+02 2.831880910110162404e+02
1.140440467494544752e+00 1.639345077739498322e+02 2.373634091275592084e+02 2.831219417639738367e+02
1.148773803273285932e+00 1.628502879965848535e+02 2.346860709567690435e+02 2.829085235384571888e+02
1.157107139252027128e+00 1.617422177730380781e+02 2.319649944344062646e+02 2.825473932296366115e+02
1.165440475230768325e+00 1.606097366792700711e+02 2.291996390042523899e+02 2.820382873479792920e+02
1.173773811009509505e+00 1.594522251413563652e+02 2.263895192319582463e+02 2.813811133693299666e+02
1.182107146988250923e+00 1.582690042233701604e+02 2.235342156022685742e+02 2.805759412834664772e+02
1.190440482966992120e+00 1.570593362171084664e+02 2.206333854412747542e+02 2.796229955660088535e+02
1.198773818745733299e+00 1.558224255474808899e+02 2.176867726629797062e+02 2.785226472930760906e+02
1.207107154724474496e+00 1.545574202370937940e+02 2.146942168420594328e+02 2.772754064643688139e+02
1.215440490703215692e+00 1.532634142133882733e+02 2.116556622001426149e+02 2.758819148557163317e+02
1.223773826481956872e+00 1.519394499203111764e+02 2.085711651661545147e+02 2.743429389290676568e+02
1.232107162460698069e+00 1.505845214760901740e+02 2.054409010631219132e+02 2.726593629620316506e+02
1.240440498439439487e+00 1.491975786630677590e+02 2.022651705607201791e+02 2.708321828114628147e+02
1.248773834218180667e+00 1.477775311568492782e+02 1.990444045166807143e+02 2.688624996485932570e+02
1.257107170196921864e+00 1.463232532369787009e+02 1.957791678118867083e+02 2.667515139228134444e+02
1.265440506175663060e+00 1.448335892718306468e+02 1.924701628698196885e+02 2.645005200586907108e+02
1.273773841954404240e+00 1.433073593289488201e+02 1.891182314463137857e+02 2.621109010356962585e+02
1.282107177933145437e+00 1.417433651587042505e+02 1.857243553461890713e+02 2.595841232005940356e+02
1.290440513911886633e+00 1.401403968568593825e+02 1.822896568055812736e+02 2.569217319034648881e+02
1.298773849690627813e+00 1.384972395011397452e+02 1.788153970891057440e+02 2.541253469226952006e+02
1.307107185669369231e+00 1.368126800220446739e+02 1.753029740075627103e+02 2.511966581191535681e+02
1.315440521648110428e+00 1.350855146337397628e+02 1.717539191382267632e+02 2.481374219930500544e+02
1.323773857426851608e+00 1.333145560644296950e+02 1.681698932613775526e+02 2.449494579298992676e+02
1.332107193405592804e+00 1.314986408662703070e+02 1.645526807642008862e+02 2.416346446632401808e+02
1.340440529384334001e+00 1.296366371584469448e+02 1.609041838314975053e+02 2.381949177062398064e+02
1.348773865163075181e+00 1.277274519874395793e+02 1.572264149045065835e+02 2.346322663661502474e+02
1.357107201141816377e+00 1.257700386116504205e+02 1.535214882001746730e+02 2.309487309537116460e+02
1.365440537120557796e+00 1.237634040985901436e+02 1.497916111417189029e+02 2.271464010144238443e+02
1.373773872899298976e+00 1.217066163630187390e+02 1.460390741547852542e+02 2.232274130307291955e+02
1.382107208878040172e+00 1.195988109867111433e+02 1.422662396584891837e+02 2.191939482885906898e+02
1.390440544856781369e+00 1.174391982479713192e+02 1.384755311280272849e+02 2.150482318063909020e+02
1.398773880635522548e+00 1.152270694327031322e+02 1.346694206637693867e+02 2.107925306187379988e+02
1.407107216614263745e+00 1.129618028061881745e+02 1.308504159291449582e+02 2.064291521869515691e+02
1.415440552593004941e+00 1.106428697172379714e+02 1.270210473549869192e+02 2.019604439013934893e+02
1.423773888371746121e+00 1.082698398483707365e+02 1.231838540355064140e+02 1.973887918210477608e+02
1.432107224350487540e+00 1.058423860330950674e+02 1.193413692076668013e+02 1.927166194972241442e+02
1.440440560329228736e+00 1.033602891573142273e+02 1.154961062285253632e+02 1.879463879100121915e+02
1.448773896107969916e+00 1.008234420985392319e+02 1.116505434769865417e+02 1.830805945256307155e+02
1.457107232086711113e+00 9.823185316790267052e+01 1.078071090977278601e+02 1.781217723933467596e+02
1.465440568065452531e+00 9.558564961745901201e+01 1.039681665152050414e+02 1.730724903701589596e+02
1.473773903844193711e+00 9.288508010496209977e+01 1.001359991566180270e+02 1.679353523545947837e+02
1.482107239822934908e+00 9.013051662566059008e+01 9.631279532354604100e+01 1.627129965165790111e+02
1.490440575801676326e+00 8.732245651782953644e+01 9.250063414963231878e+01 1.574080956670729847e+02
1.498773911580417506e+00 8.446152337187091064e+01 8.870147110513096322e+01 1.520233565328829286e+02
1.507107247559158703e+00 8.154846739666646727e+01 8.491712400415404716e+01 1.465615189881102935e+02
1.515440583537900121e+00 7.858416589171483224e+01 8.114926045583072778e+01 1.410253564370895560e+02
1.523773919316641301e+00 7.556962259281797856e+01 7.739938524760827931e+01 1.354176750094127613e+02
1.532107255295382719e+00 7.250596648781673537e+01 7.366882862325323345e+01 1.297413126789143405e+02
1.540440591274123916e+00 6.939445078941351142e+01 6.995873639133158406e+01 1.239991395478888734e+02
1.548773927052865096e+00 6.623645077245433299e+01 6.627006037857213983e+01 1.181940568637134845e+02
1.557107263031606514e+00 6.260355018252711545e+01 6.303346111290469622e+01 1.123289959356159642e+02
1.565440599010347933e+00 5.895974713921255983e+01 5.978709345004131848e+01 1.064069182341721529e+02
1.573773934789089113e+00 5.533897903611270408e+01 5.649907282204832626e+01 1.004308141587837611e+02
1.582107270767830531e+00 5.174135649552766836e+01 5.317123365023697090e+01 9.440370169176837578e+01
1.590440606746571728e+00 4.816677190313736645e+01 4.980551602329833116e+01 8.832862625739493012e+01
1.598773942525312908e+00 4.461489940878703209e+01 4.640396087935761216e+01 8.220865920080930778e+01
1.607107278504054104e+00 4.108519686843517604e+01 4.296870479566669587e+01 7.604689615090985910e+01
1.615440614482795523e+00 3.757691053680487414e+01 3.950197516217755123e+01 6.984645661528188043e+01
1.623773950261536703e+00 3.408908100878718983e+01 3.600608429056673288e+01 6.361048216347803930e+01
1.632107286240278121e+00 3.062055119544641002e+01 3.248342319924583421e+01 5.734213450223690245e+01
1.640440622219019318e+00 2.716997705623906256e+01 2.893645586998099617e+01 5.104459481412521882e+01
1.648773957997760498e+00 2.373583953185538675e+01 2.536771248904589982e+01 4.472106166894023005e+01
1.657107293976501694e+00 2.031645836117083448e+01 2.177978243968085081e+01 3.837474884468488767e+01
1.665440629955242891e+00 1.691000840406698202e+01 1.817530785512599678e+01 3.200888444627564411e+01
1.673773965733984070e+00 1.351453684644874365e+01 1.455697621515318474e+01 2.562670859625192321e+01
1.682107301712725489e+00 1.012798186533457390e+01 1.092751277418355293e+01 1.923147106145054153e+01
1.690440637691466685e+00 6.748193277466733697e+00 7.289673637939070083e+00 1.282643021665839633e+01
1.698773973470207865e+00 3.372953427534565396e+00 3.646237951105125497e+00 6.414850625956567853e+00
1.707107309448949062e+00 0.000000000000000000e+00 2.808328447916117622e-06 3.271092376256377167e-06
1.714858861637136078e+00 3.308974151166785838e+00 3.308997970657852505e+00 5.920661361312421711e+00
1.722610413825323539e+00 6.616067341774769517e+00 6.616115119206059880e+00 1.184041918909349178e+01
1.730361966135985030e+00 9.919395679079874739e+00 9.919467237518279745e+00 1.775836238140208678e+01
1.738113518324172491e+00 1.321707006599690182e+01 1.321716519618445851e+01 2.367356267921080004e+01
1.745865070512359507e+00 1.650719381234679872e+01 1.650731224675282860e+01 2.958506759373534223e+01
1.753616622700546746e+00 1.978786014416250794e+01 1.978800155313643572e+01 3.549189216391005885e+01
1.761368175011208459e+00 2.305715024533891722e+01 2.305731423667245394e+01 4.139301159194441482e+01
1.769119727199395475e+00 2.631313127485632819e+01 2.631331739432393846e+01 4.728735367990975647e+01
1.776871279387582714e+00 2.955385523773258782e+01 2.955406297006652849e+01 5.317379261922123135e+01
1.784622831575769730e+00 3.277735772305936734e+01 3.277758649318695205e+01 5.905114232564222476e+01
1.792374383886431666e+00 3.598165737700031030e+01 3.598190655147955397e+01 6.491815086390093370e+01
1.800125936074618904e+00 3.916475553446505842e+01 3.916502442308703280e+01 7.077349489346266864e+01
1.807877488262805921e+00 4.232463685192187341e+01 4.232492470946251473e+01 7.661577565979254700e+01
1.815629040450993159e+00 4.545926995516139613e+01 4.545957598327026972e+01 8.244351471155445665e+01
1.823380592761654873e+00 4.856660893195965656e+01 4.856693228117459427e+01 8.825515085423130301e+01
1.831132144949842111e+00 5.164459508637666119e+01 5.164493485825722985e+01 9.404903725419565319e+01
1.838883697138029127e+00 5.469115974970996774e+01 5.469151499908323188e+01 9.982344017686848758e+01
1.846635249326216588e+00 5.770422716878223923e+01 5.770459690609285985e+01 1.055765375296072932e+02
1.854386801636878079e+00 6.068171825263299013e+01 6.068210144639213866e+01 1.113064186782087859e+02
1.862138353825065096e+00 6.362155459167097860e+01 6.362195017099877248e+01 1.170110844369735617e+02
1.869889906013252556e+00 6.652166348769344495e+01 6.652207034495032190e+01 1.226884486689339440e+02
1.877641458201439573e+00 6.937998303281766255e+01 6.938040002632124015e+01 1.283363396669968779e+02
1.885393010512101508e+00 7.219446796221083673e+01 7.219489391903339026e+01 1.339525027393769960e+02
1.893144562700288525e+00 7.496309570007463208e+01 7.496352941891964861e+01 1.395346028946051149e+02
1.900896114888475541e+00 7.768387327490623306e+01 7.768431352906134180e+01 1.450802290125551508e+02
1.908647667076663001e+00 8.035484417317073280e+01 8.035528971353723193e+01 1.505868976882229333e+02
1.916399219264850018e+00 8.297409575458445374e+01 8.297454531277988110e+01 1.560520580385263258e+02
1.924150771575511953e+00 8.553976695113519213e+01 8.554021924267155441e+01 1.614730969785429977e+02
1.931902323763698970e+00 8.805005599973789288e+01 8.805050972727445924e+01 1.668473444955706100e+02
1.939653875951886208e+00 9.050322875776777209e+01 9.050368261443968265e+01 1.721720801538541252e+02
1.947405428140073225e+00 9.289762673085645872e+01 9.289807940368014272e+01 1.774445390648448040e+02
1.955156980450734938e+00 9.523167539725885433e+01 9.523212557061621908e+01 1.826619186386830052e+02
1.962908532638922177e+00 9.750389229979202810e+01 9.750433865899505292e+01 1.878213850550983182e+02
1.970660084827109415e+00 9.971289543046681558e+01 9.971333666540355978e+01 1.929200807204689170e+02
1.978411637015296654e+00 1.018574111018519233e+02 1.018578459107167760e+02 1.979551310088633329e+02
1.986163189325958367e+00 1.039362818235168788e+02 1.039367089166261025e+02 2.029236515514292023e+02
1.993914741514145383e+00 1.059484736947307653e+02 1.059488917984243841e+02 2.078227550576237661e+02
2.001666293702332400e+00 1.078930837695891114e+02 1.078934916302191738e+02 2.126495588765792206e+02
2.009417845890519416e+00 1.097693466659146679e+02 1.097697430539227099e+02 2.174011916808229614e+02
2.017169398201181352e+00 1.115766408695873935e+02 1.115770245836664998e+02 2.220748004807203415e+02
2.024920950389368368e+00 1.133144942945787079e+02 1.133148641659236944e+02 2.266675570133595556e+02
2.032672502577555829e+00 1.149825894869215404e+02 1.149829443835608060e+02 2.311766646499391982e+02
2.040424054765742845e+00 1.165807678317608378e+02 1.165811066629713650e+02 2.355993643081695836e+02
2.048175607076404336e+00 1.181090331498865709e+02 1.181093548706859906e+02 2.399329405152840025e+02
2.055927159264591797e+00 1.195675543011631135e+02 1.195678579168815503e+02 2.441747267385710529e+02
2.063678711452778813e+00 1.209566671193765046e+02 1.209569516903031143e+02 2.483221110556642088e+02
2.071430263640966274e+00 1.222768751344971321e+02 1.222771397806127425e+02 2.523725407729769756e+02
2.079181815951627765e+00 1.235288494090242040e+02 1.235290933148325507e+02 2.563235270665021517e+02
2.086933368139814782e+00 1.247134271714746490e+02 1.247136495909782781e+02 2.601726488456620814e+02
2.094684920328002242e+00 1.258316095173873919e+02 1.258318097792893298e+02 2.639175568316136378e+02
2.102436472516189259e+00 1.268845577397484448e+02 1.268847352530795973e+02 2.675559765949716962e+02
2.110188024826851194e+00 1.278735885675053225e+02 1.278737428281014701e+02 2.710857115458375688e+02
2.117939577015038211e+00 1.288001680713434780e+02 1.288002986701999077e+02 2.745046451685278726e+02
2.125691129203225227e+00 1.296659044689467919e+02 1.296660111051535580e+02 2.778107434015607282e+02
2.133442681391412243e+00 1.304725395053849013e+02 1.304726220119660240e+02 2.810020560559395335e+02
2.141194233579599260e+00 1.312219386355417328e+02 1.312219970505242657e+02 2.840767181247294388e+02
2.148945785890260751e+00 1.319160798616016734e+02 1.319161147291399629e+02 2.870329507068095154e+02
2.156697338078447768e+00 1.325570402052151735e+02 1.325570552926639891e+02 2.898690613432005989e+02
2.164448890266634784e+00 1.331469743672595314e+02 1.331469952885729242e+02 2.925834444829866925e+02
2.172200442454821800e+00 1.336881252308297121e+02 1.336881678344926740e+02 2.951745811681133205e+02
2.179951994765483292e+00 1.341827948282666227e+02 1.341828604655839001e+02 2.976410387062749123e+02
2.187703546953670308e+00 1.346333188595438912e+02 1.346334074348660579e+02 2.999814698457680038e+02
2.195455099141857325e+00 1.350420553183365655e+02 1.350421663861112052e+02 3.021946121090485917e+02
2.203206651330044785e+00 1.354113668205102954e+02 1.354114997511856586e+02 3.042792865362605994e+02
2.210958203640706277e+00 1.357436020123578544e+02 1.357437560373023189e+02 3.062343964899105799e+02
2.218709755828893737e+00 1.360410765031361393e+02 1.360412507320729389e+02 3.080589261340620624e+02
2.226461308017080754e+00 1.363060536254818089e+02 1.363062470557672157e+02 3.097519391189732687e+02
2.234212860205267770e+00 1.365407251214083715e+02 1.365409366446688750e+02 3.113125768859549680e+02
2.241964412515929705e+00 1.367471920467035886e+02 1.367474204547700367e+02 3.127400571147459800e+02
2.249715964704116722e+00 1.369274460603965053e+02 1.369276900513091562e+02 3.140336720243449236e+02
2.257467516892303738e+00 1.370833513763899418e+02 1.370836095608234189e+02 3.151927869227180281e+02
2.265219069080490755e+00 1.372166275381510161e+02 1.372168984464023254e+02 3.162168385832697481e+02
2.272970621391152246e+00 1.373288332920633934e+02 1.373291153816588519e+02 3.171053338319667319e+02
2.280722173579339707e+00 1.374213517467057102e+02 1.374216434106298834e+02 3.178578481509111953e+02
2.288473725767526723e+00 1.374953770538440097e+02 1.374956766293568080e+02 3.184740245502003972e+02
2.296225277955714184e+00 1.375519027665941678e+02 1.375522085445794573e+02 3.189535724477478880e+02
2.303976830266375675e+00 1.375917120730904628e+02 1.375920223078626066e+02 3.192962667950617401e+02
2.311728382454563135e+00 1.376153700371329194e+02 1.376156829566119768e+02 3.195019473470580920e+02
2.319479934642750152e+00 1.376232179742598873e+02 1.376235317904195483e+02 3.195705181784832689e+02
