    0.000000    -0.000000     0.000000     0.000000
    0.011785     4.659100     4.659100     8.872600
    0.023570     9.316700     9.316700    17.736200
    0.035355    13.971500    13.971500    26.581700
    0.047140    18.621900    18.621900    35.400200
    0.058926    23.266600    23.266600    44.182600
    0.070711    27.903900    27.903900    52.920300
    0.082496    32.532300    32.532300    61.604400
    0.094281    37.150200    37.150200    70.226400
    0.106066    41.755700    41.755700    78.778000
    0.117851    46.347200    46.347200    87.250700
    0.129636    50.922700    50.922700    95.636600
    0.141421    55.480200    55.480200   103.927900
    0.153206    60.017700    60.017700   112.116900
    0.164992    64.533000    64.533000   120.196200
    0.176777    69.023800    69.023800   128.158800
    0.188562    73.487600    73.487600   135.997900
    0.200347    77.922000    77.922000   143.706800
    0.212132    82.324300    82.324300   151.279500
    0.223917    86.691700    86.691700   158.710000
    0.235702    91.021500    91.021500   165.992700
    0.247487    95.310500    95.310500   173.122300
    0.259272    99.555800    99.555800   180.094000
    0.271058   103.754100   103.754100   186.903100
    0.282843   107.902200   107.902200   193.545500
    0.294628   111.996600   111.996600   200.017300
    0.306413   116.033800   116.033800   206.315000
    0.318198   120.010400   120.010400   212.435300
    0.329983   123.922700   123.922700   218.375500
    0.341768   127.767000   127.767000   224.133100
    0.353553   131.539500   131.539500   229.705900
    0.365339   135.236500   135.236500   235.092000
    0.377124   138.854200   138.854200   240.290100
    0.388909   142.388600   142.388600   245.298800
    0.400694   145.836000   145.836000   250.117400
    0.412479   149.192600   149.192600   254.745000
    0.424264   152.454300   152.454300   259.181400
    0.436049   155.617600   155.617600   263.426500
    0.447834   158.678500   158.678500   267.480300
    0.459619   161.633400   161.633400   271.343200
    0.471405   164.478600   164.478600   275.015700
    0.483190   167.210500   167.210500   278.498600
    0.494975   169.825600   169.825600   281.792500
    0.506760   172.320600   172.320600   284.898600
    0.518545   174.692100   174.692100   287.817900
    0.530330   176.936900   176.936900   290.551500
    0.542115   179.052100   179.052100   293.100800
    0.553900   181.034700   181.034700   295.466900
    0.565685   182.881900   182.881900   297.651200
    0.577471   184.591400   184.591400   299.654900
    0.589256   186.160500   186.160500   301.479400
    0.601041   187.587100   187.587100   303.125900
    0.612826   188.869100   188.869100   304.595500
    0.624611   190.004700   190.004700   305.889500
    0.636396   190.992300   190.992300   307.008700
    0.648181   191.830400   191.830400   307.954100
    0.659966   192.517800   192.517800   308.726400
    0.671751   193.053500   193.053500   309.326500
    0.683537   193.436800   193.436800   309.754700
    0.695322   193.666900   193.666900   310.011500
    0.707107   193.743700   193.743700   310.097000
    0.715440   193.740000   193.842800   310.071500
    0.723773   193.729100   194.139700   309.994900
    0.732107   193.710600   194.632300   309.867200
    0.740440   193.684500   195.317400   309.688200
    0.748773   193.650300   196.190600   309.458000
    0.757107   193.607700   197.246400   309.176200
    0.765440   193.556200   198.478100   308.842700
    0.773773   193.495000   199.878300   308.457300
    0.782107   193.423700   201.438400   308.019800
    0.790440   193.341400   203.149500   307.529800
    0.798773   193.247300   205.001700   306.987100
    0.807107   193.140500   206.984800   306.391200
    0.815440   193.020000   209.088300   305.742000
    0.823773   192.884800   211.301200   305.038900
    0.832107   192.733800   213.612500   304.281700
    0.840440   192.566000   216.010900   303.469800
    0.848773   192.380000   218.485300   302.603000
    0.857107   192.174700   221.024600   301.680800
    0.865440   191.948900   223.617800   300.702700
    0.873773   191.701300   226.253900   299.668300
    0.882107   191.430500   228.922500   298.577300
    0.890440   191.135300   231.613000   297.429300
    0.898773   190.814400   234.315400   296.223700
    0.907107   190.466300   237.019900   294.960300
    0.915440   190.089900   239.717000   293.638600
    0.923773   189.683700   242.397500   292.258400
    0.932107   189.246500   245.052800   290.819300
    0.940440   188.777000   247.674100   289.321000
    0.948773   188.273900   250.253600   287.763200
    0.957107   187.736100   252.783300   286.145800
    0.965440   187.162200   255.255900   284.468400
    0.973773   186.551200   257.664300   282.731000
    0.982107   185.902000   260.001700   280.933500
    0.990440   185.213400   262.261700   279.075800
    0.998773   184.484500   264.438200   277.157900
    1.007107   183.714400   266.525500   275.179900
    1.015440   182.902000   268.518100   273.141700
    1.023773   182.046600   270.410800   271.043700
    1.032107   181.147400   268.885900   272.198800
    1.040440   180.203700   266.668700   273.877400
    1.048773   179.214800   264.392300   275.442500
    1.057107   178.180200   262.057300   276.889900
    1.065440   177.099300   259.664000   278.215900
    1.073773   175.971800   257.212900   279.417100
    1.082107   174.797300   254.704800   280.490200
    1.090440   173.575500   252.140100   281.432200
    1.098773   172.306300   249.519700   282.240300
    1.107107   170.989400   246.844300   282.912100
    1.115440   169.624900   244.114800   283.445100
    1.123773   168.212700   241.332200   283.837500
    1.132107   166.753100   238.497400   284.087300
    1.140440   165.246000   235.611400   284.192800
    1.148773   163.691900   232.675500   284.152700
    1.157107   162.091100   229.690700   283.965600
    1.165440   160.443800   226.658400   283.630500
    1.173773   158.750700   223.579800   283.146700
    1.182107   157.012200   220.456300   282.513300
    1.190440   155.228900   217.289400   281.729900
    1.198773   153.401500   214.080500   280.796100
    1.207107   151.530700   210.831100   279.711800
    1.215440   149.617400   207.542900   278.477000
    1.223773   147.662300   204.217400   277.091800
    1.232107   145.666300   200.856200   275.556600
    1.240440   143.630500   197.461200   273.871800
    1.248773   141.555700   194.034100   272.038000
    1.257107   139.443100   190.576500   270.056000
    1.265440   137.293700   187.090300   267.926600
    1.273773   135.108600   183.577400   265.650800
    1.282107   132.889100   180.039500   263.229800
    1.290440   130.636200   176.478500   260.664800
    1.298773   128.351200   172.896400   257.957200
    1.307107   126.035400   169.294900   255.108400
    1.315440   123.689900   165.675900   252.120200
    1.323773   121.316100   162.041300   248.994000
    1.332107   118.915300   158.392900   245.731900
    1.340440   116.488700   154.732700   242.335600
    1.348773   114.037700   151.062400   238.807100
    1.357107   111.563600   147.383800   235.148500
    1.365440   109.067600   143.698800   231.361900
    1.373773   106.551100   140.009000   227.449600
    1.382107   104.015300   136.316200   223.414000
    1.390440   101.461600   132.622100   219.257300
    1.398773    98.891100   128.928100   214.982100
    1.407107    96.305200   125.236000   210.590800
    1.415440    93.704900   121.547300   206.086100
    1.423773    91.091600   117.863200   201.470500
    1.432107    88.466300   114.185300   196.746900
    1.440440    85.830200   110.514900   191.917800
    1.448773    83.184300   106.853100   186.986200
    1.457107    80.529700   103.201100   181.954900
    1.465440    77.867400    99.560000   176.826700
    1.473773    75.198400    95.930700   171.604700
    1.482107    72.523500    92.314100   166.291700
    1.490440    69.843600    88.711100   160.890700
    1.498773    67.159600    85.122300   155.404900
    1.507107    64.472100    81.548200   149.837300
    1.515440    61.782000    77.989500   144.190900
    1.523773    59.089800    74.446500   138.468900
    1.532107    56.396100    70.919400   132.674400
    1.540440    53.701500    67.408500   126.810700
    1.548773    51.006500    63.913800   120.880900
    1.557107    48.311500    60.435300   114.888200
    1.565440    45.616900    56.972900   108.835800
    1.573773    42.923000    53.526400   102.727000
    1.582107    40.230100    50.095300    96.565000
    1.590440    37.538400    46.679400    90.353100
    1.598773    34.848000    43.278000    84.094600
    1.607107    32.159200    39.890500    77.792800
    1.615440    29.471900    36.516300    71.451000
    1.623773    26.786200    33.154600    65.072500
    1.632107    24.102200    29.804400    58.660500
    1.640440    21.419700    26.464900    52.218500
    1.648773    18.738600    23.135000    45.749800
    1.657107    16.058900    19.813600    39.257600
    1.665440    13.380500    16.499800    32.745300
    1.673773    10.703100    13.192200    26.216400
    1.682107     8.026500     9.889600    19.674000
    1.690440     5.350600     6.591000    13.121600
    1.698773     2.675200     3.294800     6.562500
    1.707107    -0.000000     0.000000     0.000000
    1.714858     2.694200     2.694200     6.191300
    1.722610     5.388400     5.388400    12.380700
    1.730361     8.082600     8.082600    18.566500
    1.738113    10.776800    10.776800    24.746800
    1.745865    13.470900    13.470900    30.919900
    1.753616    16.165000    16.165000    37.083800
    1.761368    18.859000    18.859000    43.236700
    1.769119    21.552700    21.552700    49.376800
    1.776871    24.246000    24.246000    55.502200
    1.784622    26.938900    26.938900    61.611100
    1.792374    29.631000    29.631000    67.701500
    1.800125    32.322200    32.322200    73.771500
    1.807877    35.012200    35.012200    79.819200
    1.815628    37.700700    37.700700    85.842700
    1.823380    40.387300    40.387300    91.840100
    1.831132    43.071600    43.071600    97.809300
    1.838883    45.753000    45.753000   103.748300
    1.846635    48.431100    48.431100   109.655200
    1.854386    51.105300    51.105300   115.528000
    1.862138    53.774900    53.774900   121.364500
    1.869889    56.439200    56.439200   127.162700
    1.877641    59.097500    59.097500   132.920500
    1.885392    61.748900    61.748900   138.635800
    1.893144    64.392500    64.392500   144.306500
    1.900896    67.027300    67.027300   149.930400
    1.908647    69.652500    69.652500   155.505400
    1.916399    72.266800    72.266800   161.029200
    1.924150    74.869200    74.869200   166.499600
    1.931902    77.458400    77.458400   171.914500
    1.939653    80.033400    80.033400   177.271700
    1.947405    82.592700    82.592700   182.568700
    1.955156    85.135000    85.135000   187.803500
    1.962908    87.659000    87.659000   192.973700
    1.970659    90.163100    90.163100   198.077000
    1.978411    92.646000    92.646000   203.111200
    1.986163    95.106100    95.106100   208.073900
    1.993914    97.541800    97.541800   212.962900
    2.001666    99.951600    99.951600   217.775900
    2.009417   102.333900   102.333900   222.510600
    2.017169   104.686900   104.686900   227.164700
    2.024920   107.009100   107.009100   231.735900
    2.032672   109.298700   109.298700   236.221900
    2.040423   111.554000   111.554000   240.620500
    2.048175   113.773300   113.773300   244.929400
    2.055927   115.954800   115.954800   249.146400
    2.063678   118.096900   118.096900   253.269300
    2.071430   120.197800   120.197800   257.295800
    2.079181   122.255700   122.255700   261.223900
    2.086933   124.268900   124.268900   265.051400
    2.094684   126.235800   126.235800   268.776200
    2.102436   128.154500   128.154500   272.396200
    2.110187   130.023400   130.023400   275.909400
    2.117939   131.840800   131.840800   279.313800
    2.125690   133.605100   133.605100   282.607400
    2.133442   135.314600   135.314600   285.788300
    2.141194   136.967800   136.967800   288.854800
    2.148945   138.563200   138.563200   291.804900
    2.156697   140.099100   140.099100   294.636900
    2.164448   141.574200   141.574200   297.349200
    2.172200   142.987000   142.987000   299.940100
    2.179951   144.336200   144.336200   302.408000
    2.187703   145.620400   145.620400   304.751400
    2.195454   146.838300   146.838300   306.968900
    2.203206   147.988700   147.988700   309.059100
    2.210958   149.070600   149.070600   311.020700
    2.218709   150.082700   150.082700   312.852600
    2.226461   151.024100   151.024100   314.553400
    2.234212   151.893800   151.893800   316.122200
    2.241964   152.690900   152.690900   317.558000
    2.249715   153.414600   153.414600   318.859800
    2.257467   154.064200   154.064200   320.026900
    2.265218   154.638900   154.638900   321.058400
    2.272970   155.138300   155.138300   321.953700
    2.280721   155.561700   155.561700   322.712300
    2.288473   155.908700   155.908700   323.333600
    2.296225   156.179000   156.179000   323.817300
    2.303976   156.372300   156.372300   324.163000
    2.311728   156.488300   156.488300   324.370500
    2.319479   156.527000   156.527000   324.439700
