    0.000000    -0.000000     0.000000     0.000000
    0.011785     5.290000     5.290000     8.383200
    0.023570    10.564200    10.564200    16.776600
    0.035355    15.807400    15.807400    25.189600
    0.047140    21.005600    21.005600    33.630700
    0.058926    26.146500    26.146500    42.106800
    0.070711    31.220100    31.220100    50.622500
    0.082496    36.218600    36.218600    59.180100
    0.094281    41.136700    41.136700    67.778800
    0.106066    45.971700    45.971700    76.414600
    0.117851    50.723100    50.723100    85.080200
    0.129636    55.392300    55.392300    93.764600
    0.141421    59.982200    59.982200   102.453600
    0.153206    64.496900    64.496900   111.129300
    0.164992    68.940600    68.940600   119.771000
    0.176777    73.317600    73.317600   128.355200
    0.188562    77.631800    77.631800   136.856500
    0.200347    81.886100    81.886100   145.247500
    0.212132    86.082400    86.082400   153.500600
    0.223917    90.221500    90.221500   161.587800
    0.235702    94.303300    94.303300   169.481900
    0.247487    98.326900    98.326900   177.157500
    0.259272   102.290800   102.290800   184.591800
    0.271058   106.193900   106.193900   191.764800
    0.282843   110.035000   110.035000   198.660900
    0.294628   113.813800   113.813800   205.268400
    0.306413   117.531000   117.531000   211.580900
    0.318198   121.188400   121.188400   217.596800
    0.329983   124.789000   124.789000   223.319700
    0.341768   128.336500   128.336500   228.757800
    0.353553   131.835500   131.835500   233.924100
    0.365339   135.290500   135.290500   238.835100
    0.377124   138.705800   138.705800   243.510800
    0.388909   142.084200   142.084200   247.972800
    0.400694   145.427100   145.427100   252.244200
    0.412479   148.733400   148.733400   256.347700
    0.424264   151.999400   151.999400   260.305100
    0.436049   155.218300   155.218300   264.136000
    0.447834   158.380000   158.380000   267.856900
    0.459619   161.471800   161.471800   271.480600
    0.471405   164.478400   164.478400   275.015700
    0.483190   167.382500   167.382500   278.466600
    0.494975   170.165800   170.165800   281.833100
    0.506760   172.809900   172.809900   285.111000
    0.518545   175.296800   175.296800   288.292500
    0.530330   177.610600   177.610600   291.366900
    0.542115   179.737900   179.737900   294.321400
    0.553900   181.668500   181.668500   297.141700
    0.565685   183.396600   183.396600   299.812900
    0.577471   184.920200   184.920200   302.320400
    0.589256   186.242100   186.242100   304.650200
    0.601041   187.369200   187.369200   306.789600
    0.612826   188.312600   188.312600   308.727300
    0.624611   189.086300   189.086300   310.454200
    0.636396   189.706600   189.706600   311.962500
    0.648181   190.191300   190.191300   313.246300
    0.659966   190.558100   190.558100   314.301200
    0.671751   190.823500   190.823500   315.124300
    0.683537   191.001900   191.001900   315.713400
    0.695322   191.104300   191.104300   316.067400
    0.707107   191.137600   191.137600   316.185400
    0.715440   191.135500   191.246200   316.171000
    0.723773   191.129000   191.571300   316.127400
    0.732107   191.118000   192.110500   316.053400
    0.740440   191.102300   192.860200   315.947000
    0.748773   191.081400   193.815200   315.805600
    0.757107   191.054900   194.969000   315.625900
    0.765440   191.022200   196.314000   315.403900
    0.773773   190.982700   197.841400   315.135200
    0.782107   190.935600   199.541400   314.815000
    0.790440   190.880100   201.403400   314.438400
    0.798773   190.815400   203.416000   314.000100
    0.807107   190.740400   205.567400   313.495000
    0.815440   190.654100   207.845300   312.917700
    0.823773   190.555500   210.236800   312.263600
    0.832107   190.443500   212.729200   311.527800
    0.840440   190.317000   215.309400   310.706400
    0.848773   190.174800   217.964300   309.795600
    0.857107   190.015700   220.681000   308.792400
    0.865440   189.838600   223.446600   307.694500
    0.873773   189.642400   226.248500   306.500400
    0.882107   189.425800   229.074300   305.209300
    0.890440   189.187700   231.912000   303.821400
    0.898773   188.927100   234.749800   302.337500
    0.907107   188.642900   237.576400   300.759600
    0.915440   188.334100   240.381000   299.090200
    0.923773   187.999600   243.153100   297.332800
    0.932107   187.638600   245.882600   295.491700
    0.940440   187.250100   248.560200   293.571700
    0.948773   186.833300   251.176800   291.578400
    0.957107   186.387500   253.723900   289.517800
    0.965440   185.911900   256.193500   287.396400
    0.973773   185.406000   258.578200   285.220800
    0.982107   184.869000   260.871200   282.998000
    0.990440   184.300500   263.065900   280.734800
    0.998773   183.700000   265.156500   278.438300
    1.007107   183.067100   267.137600   276.114800
    1.015440   182.401300   269.004400   273.770700
    1.023773   181.702300   270.752500   271.411700
    1.032107   180.969900   269.042900   272.378000
    1.040440   180.203700   266.668700   273.877400
    1.048773   179.403500   264.292600   275.247800
    1.057107   178.569100   261.917300   276.486600
    1.065440   177.700300   259.544500   277.591600
    1.073773   176.796900   257.174800   278.561100
    1.082107   175.858700   254.808100   279.393600
    1.090440   174.885500   252.442800   280.087900
    1.098773   173.877100   250.076800   280.643300
    1.107107   172.833300   247.706800   281.059300
    1.115440   171.754000   245.328700   281.335400
    1.123773   170.638700   242.937700   281.471600
    1.132107   169.487300   240.528100   281.468000
    1.140440   168.299400   238.094100   281.324700
    1.148773   167.074700   235.629200   281.042100
    1.157107   165.812800   233.126500   280.620500
    1.165440   164.513300   230.579500   280.060600
    1.173773   163.175800   227.981200   279.362800
    1.182107   161.799800   225.325200   278.527700
    1.190440   160.384900   222.605100   277.555900
    1.198773   158.930300   219.815100   276.447800
    1.207107   157.435800   216.950100   275.204000
    1.215440   155.900500   214.005500   273.825000
    1.223773   154.324100   210.977600   272.311300
    1.232107   152.705800   207.863500   270.663200
    1.240440   151.045200   204.661300   268.881100
    1.248773   149.341600   201.370100   266.965200
    1.257107   147.594500   197.989900   264.916000
    1.265440   145.803400   194.522000   262.733500
    1.273773   143.967700   190.968500   260.418000
    1.282107   142.086900   187.332600   257.969800
    1.290440   140.160800   183.618500   255.389100
    1.298773   138.189000   179.831400   252.676000
    1.307107   136.171100   175.977200   249.831000
    1.315440   134.107000   172.062800   246.854400
    1.323773   131.996600   168.095700   243.746700
    1.332107   129.839700   164.084100   240.508300
    1.340440   127.636600   160.036600   237.140000
    1.348773   125.387300   155.962200   233.642600
    1.357107   123.092100   151.870000   230.017100
    1.365440   120.751400   147.769500   226.264700
    1.373773   118.365700   143.669800   222.386600
    1.382107   115.935600   139.580100   218.384600
    1.390440   113.461700   135.508900   214.260400
    1.398773   110.944800   131.464500   210.015900
    1.407107   108.386000   127.454400   205.653400
    1.415440   105.786200   123.485400   201.175300
    1.423773   103.146400   119.563200   196.584400
    1.432107   100.468100   115.692600   191.883600
    1.440440    97.752300   111.877400   187.075900
    1.448773    95.000600   108.120000   182.164800
    1.457107    92.214300   104.421600   177.153700
    1.465440    89.395000   100.782300   172.046400
    1.473773    86.544200    97.200700   166.846700
    1.482107    83.663500    93.674500   161.558600
    1.490440    80.754600    90.200100   156.186400
    1.498773    77.819200    86.772800   150.734200
    1.507107    74.858800    83.387100   145.206200
    1.515440    71.875200    80.036800   139.607000
    1.523773    68.870100    76.715100   133.940800
    1.532107    65.845000    73.414600   128.211900
    1.540440    62.801600    70.127800   122.424800
    1.548773    59.741500    66.847400   116.583600
    1.557107    56.666100    63.565900   110.692700
    1.565440    53.576900    60.276300   104.755900
    1.573773    50.475300    56.972100    98.777400
    1.582107    47.362700    53.647400    92.760800
    1.590440    44.240200    50.297000    86.709900
    1.598773    41.109100    46.916700    80.628100
    1.607107    37.970500    43.503000    74.518800
    1.615440    34.825200    40.053600    68.384900
    1.623773    31.674300    36.567100    62.229500
    1.632107    28.518500    33.043000    56.055200
    1.640440    25.358700    29.481900    49.864600
    1.648773    22.195400    25.885200    43.660000
    1.657107    19.029400    22.255300    37.443500
    1.665440    15.861000    18.595500    31.217300
    1.673773    12.690800    14.909400    24.983000
    1.682107     9.519300    11.201700    18.742600
    1.690440     6.346700     7.477300    12.497500
    1.698773     3.173500     3.741500     6.249500
    1.707107    -0.000000     0.000000     0.000000
    1.714858     3.137900     3.137900     5.910000
    1.722610     6.272800     6.272800    11.818600
    1.730361     9.402100     9.402100    17.724300
    1.738113    12.522900    12.522900    23.625800
    1.745865    15.632500    15.632500    29.521800
    1.753616    18.728500    18.728500    35.411100
    1.761368    21.808600    21.808600    41.292500
    1.769119    24.870700    24.870700    47.165000
    1.776871    27.912800    27.912800    53.027500
    1.784622    30.933600    30.933600    58.879400
    1.792374    33.931500    33.931500    64.719800
    1.800125    36.905500    36.905500    70.548200
    1.807877    39.854900    39.854900    76.364000
    1.815628    42.779200    42.779200    82.166800
    1.823380    45.677900    45.677900    87.956100
    1.831132    48.551300    48.551300    93.731600
    1.838883    51.399300    51.399300    99.493000
    1.846635    54.222300    54.222300   105.239900
    1.854386    57.020900    57.020900   110.971800
    1.862138    59.795600    59.795600   116.688200
    1.869889    62.546900    62.546900   122.388600
    1.877641    65.275500    65.275500   128.072000
    1.885392    67.982000    67.982000   133.737600
    1.893144    70.666700    70.666700   139.384200
    1.900896    73.330100    73.330100   145.010200
    1.908647    75.972100    75.972100   150.613900
    1.916399    78.592600    78.592600   156.193300
    1.924150    81.191200    81.191200   161.746100
    1.931902    83.767100    83.767100   167.269500
    1.939653    86.319300    86.319300   172.760400
    1.947405    88.846300    88.846300   178.215500
    1.955156    91.346200    91.346200   183.631100
    1.962908    93.816900    93.816900   189.003100
    1.970659    96.255800    96.255800   194.327000
    1.978411    98.660000    98.660000   199.598100
    1.986163   101.026200   101.026200   204.811500
    1.993914   103.350900   103.350900   209.962100
    2.001666   105.630300   105.630300   215.044200
    2.009417   107.860400   107.860400   220.052500
    2.017169   110.036800   110.036800   224.981100
    2.024920   112.155400   112.155400   229.824300
    2.032672   114.211800   114.211800   234.576300
    2.040423   116.201600   116.201600   239.231500
    2.048175   118.120400   118.120400   243.784000
    2.055927   119.964200   119.964200   248.228400
    2.063678   121.729000   121.729000   252.559400
    2.071430   123.411000   123.411000   256.771700
    2.079181   125.006900   125.006900   260.860800
    2.086933   126.513700   126.513700   264.822000
    2.094684   127.928900   127.928900   268.651300
    2.102436   129.250300   129.250300   272.344900
    2.110187   130.476500   130.476500   275.899700
    2.117939   131.606600   131.606600   279.312900
    2.125690   132.640100   132.640100   282.582200
    2.133442   133.577500   133.577500   285.705900
    2.141194   134.419700   134.419700   288.682600
    2.148945   135.168400   135.168400   291.511700
    2.156697   135.826000   135.826000   294.192900
    2.164448   136.395400   136.395400   296.726500
    2.172200   136.880400   136.880400   299.113200
    2.179951   137.285200   137.285200   301.354300
    2.187703   137.614700   137.614700   303.451300
    2.195454   137.874300   137.874300   305.406300
    2.203206   138.070100   138.070100   307.221500
    2.210958   138.208200   138.208200   308.899500
    2.218709   138.295400   138.295400   310.443200
    2.226461   138.338500   138.338500   311.855600
    2.234212   138.344600   138.344600   313.139900
    2.241964   138.320600   138.320600   314.299100
    2.249715   138.273700   138.273700   315.336400
    2.257467   138.210500   138.210500   316.254800
    2.265218   138.137600   138.137600   317.057500
    2.272970   138.061000   138.061000   317.747000
    2.280721   137.986100   137.986100   318.325800
    2.288473   137.917800   137.917800   318.796300
    2.296225   137.860300   137.860300   319.160200
    2.303976   137.816800   137.816800   319.419000
    2.311728   137.789800   137.789800   319.573900
    2.319479   137.780600   137.780600   319.625400
