    0.000000   197.531100   197.531100   351.849300   351.849300   467.377700   467.377700
    0.016836   197.130500   197.130500   352.229800   352.229800   467.366700   467.366700
    0.033672   195.946100   195.946100   353.353900   353.353900   467.333100   467.333100
    0.050508   194.028200   194.028200   355.171000   355.171000   467.275000   467.275000
    0.067344   191.452800   191.452800   357.605000   357.605000   467.189400   467.189400
    0.084179   188.313300   188.313300   360.562500   360.562500   467.072600   467.072600
    0.101015   184.711900   184.711900   363.942100   363.942100   466.920100   466.920100
    0.117851   180.753000   180.753000   367.641000   367.641000   466.727200   466.727200
    0.134687   176.538900   176.538900   371.560200   371.560200   466.489500   466.489500
    0.151523   172.167400   172.167400   375.607100   375.607100   466.203500   466.203500
    0.168359   167.731300   167.731300   379.696100   379.696100   465.866800   465.866800
    0.185195   163.318200   163.318200   383.748700   383.748700   465.479400   465.479400
    0.202031   159.011400   159.011400   387.692500   387.692500   465.043900   465.043900
    0.218866   154.890700   154.890700   391.460200   391.460200   464.566800   464.566800
    0.235702   151.032400   151.032400   394.988100   394.988100   464.058900   464.058900
    0.252538   147.509500   147.509500   398.215100   398.215100   463.536100   463.536100
    0.269374   144.390800   144.390800   401.081600   401.081600   463.019700   463.019700
    0.286210   141.739900   141.739900   403.530000   403.530000   462.536000   462.536000
    0.303046   139.613200   139.613200   405.505300   405.505300   462.114400   462.114400
    0.319882   138.058000   138.058000   406.957800   406.957800   461.785300   461.785300
    0.336718   137.109900   137.109900   407.847200   407.847200   461.575400   461.575400
    0.353553   136.791400   136.791400   408.146800   408.146800   461.503200   461.503200
    0.365339   136.805700   136.805700   403.948000   412.242300   461.490500   461.490500
    0.377124   136.848400   136.848400   399.646100   416.234400   461.453000   461.453000
    0.388909   136.918100   136.918100   395.241500   420.123400   461.392100   461.392100
    0.400694   137.012700   137.012700   390.734800   423.909700   461.310400   461.310400
    0.412479   137.129400   137.129400   386.126700   427.594100   461.211500   461.211500
    0.424264   137.264100   137.264100   381.418100   431.177600   461.099600   461.099600
    0.436049   137.412100   137.412100   376.609900   434.661600   460.980300   460.980300
    0.447834   137.567700   137.567700   371.703000   438.047600   460.859800   460.859800
    0.459619   137.724200   137.724200   366.698300   441.337400   460.745100   460.745100
    0.471405   137.873800   137.873800   361.596800   444.533100   460.643900   460.643900
    0.483190   138.007700   138.007700   356.399500   447.636900   460.564600   460.564600
    0.494975   138.116500   138.116500   351.107200   450.651400   460.516100   460.516100
    0.506760   138.189600   138.189600   345.720600   453.579000   460.507800   460.507800
    0.518545   138.215600   138.215600   340.240600   456.422300   460.549000   460.549000
    0.530330   138.182500   138.182500   334.667700   459.184200   460.649500   460.649500
    0.542115   138.077800   138.077800   329.002600   460.818600   460.818600   461.867100
    0.553900   137.888500   137.888500   323.245600   461.065600   461.065600   464.473700
    0.565685   137.601500   137.601500   317.397300   461.399100   461.399100   467.006500
    0.577471   137.203900   137.203900   311.457900   461.827200   461.827200   469.467700
    0.589256   136.682900   136.682900   305.427700   462.356800   462.356800   471.859400
    0.601041   136.026200   136.026200   299.306900   462.993900   462.993900   474.183400
    0.612826   135.222400   135.222400   293.095700   463.743100   463.743100   476.441200
    0.624611   134.261000   134.261000   286.794400   464.607700   464.607700   478.633900
    0.636396   133.132900   133.132900   280.402900   465.589200   465.589200   480.762400
    0.648181   131.830200   131.830200   273.921700   466.687600   466.687600   482.827200
    0.659966   130.346500   130.346500   267.350800   467.901100   467.901100   484.828500
    0.671751   128.677000   128.677000   260.690600   469.226200   469.226200   486.766000
    0.683537   126.818800   126.818800   253.941400   470.657700   470.657700   488.639300
    0.695322   124.770400   124.770400   247.103700   472.189000   472.189000   490.447600
    0.707107   122.532100   122.532100   240.178000   473.811600   473.811600   492.190000
    0.718892   120.105700   120.105700   233.164900   475.516300   475.516300   493.865200
    0.730677   117.494500   117.494500   226.065100   477.292300   477.292300   495.471900
    0.742462   114.703100   114.703100   218.879600   479.128000   479.128000   497.008900
    0.754247   111.737400   111.737400   211.609500   481.011400   481.011400   498.474800
    0.766032   108.604200   108.604200   204.255800   482.929800   482.929800   499.868400
    0.777817   105.311100   105.311100   196.819900   484.870200   484.870200   501.188500
    0.789603   101.866500   101.866500   189.303400   486.819700   486.819700   502.434400
    0.801388    98.279100    98.279100   181.707800   488.765800   488.765800   503.605300
    0.813173    94.558300    94.558300   174.034900   490.695900   490.695900   504.701000
    0.824958    90.713300    90.713300   166.286800   492.598300   492.598300   505.721500
    0.836743    86.753500    86.753500   158.465600   494.461900   494.461900   506.667400
    0.848528    82.688300    82.688300   150.573600   496.276000   496.276000   507.539500
    0.860313    78.526800    78.526800   142.613300   498.031200   498.031200   508.339200
    0.872098    74.278000    74.278000   134.587400   499.718800   499.718800   509.068300
    0.883883    69.950300    69.950300   126.498600   501.330900   501.330900   509.729000
    0.895669    65.551800    65.551800   118.350000   502.860600   502.860600   510.323800
    0.907454    61.090400    61.090400   110.144800   504.302100   504.302100   510.855600
    0.919239    56.573100    56.573100   101.886100   505.650200   505.650200   511.327800
    0.931024    52.006800    52.006800    93.577400   506.900600   506.900600   511.743700
    0.942809    47.397700    47.397700    85.222400   508.049800   508.049800   512.107000
    0.954594    42.751400    42.751400    76.824800   509.094900   509.094900   512.421400
    0.966379    38.073300    38.073300    68.388400   510.033900   510.033900   512.690500
    0.978164    33.368100    33.368100    59.917300   510.864900   510.864900   512.918100
    0.989949    28.640300    28.640300    51.415400   511.586800   511.586800   513.107400
    1.001735    23.893800    23.893800    42.887100   512.198500   512.198500   513.261700
    1.013520    19.132200    19.132200    34.336500   512.699600   512.699600   513.383800
    1.025305    14.359100    14.359100    25.768100   513.089700   513.089700   513.476200
    1.037090     9.577300     9.577300    17.186200   513.368400   513.368400   513.540700
    1.048875     4.790100     4.790100     8.595400   513.535700   513.535700   513.578800
    1.060660    -0.000000    -0.000000    -0.000000   513.591400   513.591400   513.591400
    1.072667     4.388100     4.388100     9.263500   513.546000   513.546000   513.553500
    1.084675     8.767500     8.767500    18.525700   513.410100   513.410100   513.439400
    1.096682    13.129600    13.129600    27.785400   513.184700   513.184700   513.248700
    1.108689    17.465700    17.465700    37.041100   512.871800   512.871800   512.980100
    1.120697    21.767200    21.767200    46.291300   512.473800   512.473800   512.632300
    1.132704    26.025500    26.025500    55.534200   511.993900   511.993900   512.203600
    1.144711    30.232100    30.232100    64.767600   511.436100   511.436100   511.691700
    1.156719    34.378200    34.378200    73.989300   510.804900   510.804900   511.094300
    1.168726    38.455500    38.455500    83.196300   510.105400   510.105400   510.409100
    1.180733    42.455700    42.455700    92.385500   509.343500   509.343500   509.633200
    1.192741    46.370300    46.370300   101.553500   508.525300   508.525300   508.764100
    1.204748    50.191500    50.191500   110.696200   507.657700   507.657700   507.799100
    1.216755    53.911300    53.911300   119.809200   506.735600   506.747900   506.747900
    1.228762    57.522300    57.522300   128.887700   505.571100   505.803400   505.803400
    1.240770    61.017000    61.017000   137.926400   504.303600   504.832000   504.832000
    1.252777    64.388900    64.388900   146.919600   502.931200   503.841900   503.841900
    1.264784    67.631500    67.631500   155.861200   501.452200   502.841100   502.841100
    1.276792    70.739000    70.739000   164.744900   499.865600   501.837800   501.837800
    1.288799    73.706400    73.706400   173.563900   498.170800   500.840000   500.840000
    1.300806    76.529200    76.529200   182.311100   496.367400   499.855700   499.855700
    1.312814    79.203800    79.203800   190.979400   494.455900   498.892300   498.892300
    1.324821    81.727300    81.727300   199.561100   492.436900   497.957100   497.957100
    1.336828    84.098000    84.098000   208.048900   490.312000   497.056600   497.056600
    1.348835    86.314800    86.314800   216.435000   488.082900   496.196900   496.196900
    1.360843    88.377800    88.377800   224.711700   485.752000   495.383300   495.383300
    1.372850    90.288100    90.288100   232.871500   483.322200   494.620400   494.620400
    1.384857    92.047800    92.047800   240.906900   480.796800   493.911800   493.911800
    1.396865    93.659900    93.659900   248.810400   478.179500   493.260500   493.260500
    1.408872    95.128500    95.128500   256.575000   475.474400   492.668400   492.668400
    1.420879    96.458500    96.458500   264.193700   472.685900   492.136500   492.136500
    1.432887    97.655600    97.655600   271.659800   469.818800   491.664800   491.664800
    1.444894    98.726300    98.726300   278.967100   466.878000   491.252800   491.252800
    1.456901    99.677600    99.677600   286.109400   463.868800   490.898600   490.898600
    1.468908   100.517200   100.517200   293.081100   460.796500   490.600100   490.600100
    1.480916   101.253000   101.253000   299.876500   457.666800   490.354100   490.354100
    1.492923   101.893000   101.893000   306.490200   454.485700   490.156900   490.156900
    1.504930   102.445700   102.445700   312.916700   451.259400   490.004500   490.004500
    1.516938   102.919200   102.919200   319.150300   447.995000   489.892200   489.892200
    1.528945   103.321500   103.321500   325.184500   444.700200   489.815200   489.815200
    1.540952   103.660600   103.660600   331.011700   441.384100   489.768500   489.768500
    1.552960   103.943900   103.943900   336.622400   438.058100   489.746900   489.746900
    1.564967   104.178200   104.178200   342.003900   434.736700   489.745500   489.745500
    1.576974   104.370100   104.370100   347.138700   431.439200   489.759300   489.759300
    1.588981   104.525400   104.525400   352.001500   428.192600   489.783700   489.783700
    1.600989   104.649400   104.649400   356.555900   425.035000   489.814400   489.814400
    1.612996   104.746500   104.746500   360.747800   422.022100   489.847400   489.847400
    1.625003   104.820700   104.820700   364.498000   419.234500   489.879300   489.879300
    1.637011   104.875100   104.875100   367.692700   416.787100   489.907200   489.907200
    1.649018   104.912200   104.912200   370.179200   414.833800   489.928800   489.928800
    1.661025   104.933800   104.933800   371.778500   413.554100   489.942400   489.942400
    1.673033   104.940800   104.940800   372.333300   413.105800   489.947100   489.947100
    1.721145   106.410100   110.279800   370.165700   412.117100   489.030100   489.773500
    1.769258   110.663900   124.590800   363.972700   409.252200   486.391000   489.283400
    1.817370   117.219300   144.246300   354.728600   404.814300   482.359000   488.530700
    1.865483   125.245000   165.587800   344.213000   399.260300   477.456500   487.534700
    1.913595   133.620700   185.166600   335.195600   393.084800   472.344600   486.277800
    1.961708   141.112400   199.456500   331.296800   386.706100   467.719400   484.743000
    2.009820   146.635500   205.905800   335.392000   380.411600   464.159900   482.946800
    2.057933   149.532200   205.144500   346.874300   374.448400   461.964900   480.945400
    2.106045   149.752300   200.136800   360.185600   371.114400   461.064900   478.824300
