&CONTROL
  calculation = 'scf'
  restart_mode = 'from_scratch'
  prefix = 'al'
  pseudo_dir = '../../../pseudopotentzialak/'
  outdir = './tmp'
  tprnfor = .true.
/
&SYSTEM
  ibrav = 0
  nat = 216
  ntyp = 1
  ecutwfc = 50
  occupations = 'smearing'
  smearing = 'mp'
  degauss = 0.02
/
&ELECTRONS
  conv_thr = 1.0d-16
  electron_maxstep = 200
/
ATOMIC_SPECIES
Al 26.9815 Al.upf

CELL_PARAMETERS angstrom
  -12.1134  0.0000  12.1134
   0.0000  12.1134  12.1134
  -12.1134  12.1134  0.0000

ATOMIC_POSITIONS angstrom
Al 0.010000 0.000000 0.000000
Al -2.018904 2.018904 0.000000
Al -4.037796 4.037796 0.000000
Al -6.056700 6.056700 0.000000
Al -8.075604 8.075604 0.000000
Al -10.094496 10.094496 0.000000
Al 0.000000 2.018904 2.018904
Al -2.018904 4.037808 2.018904
Al -4.037796 6.056700 2.018904
Al -6.056700 8.075604 2.018904
Al -8.075604 10.094508 2.018904
Al -10.094496 12.113400 2.018904
Al 0.000000 4.037796 4.037796
Al -2.018904 6.056700 4.037796
Al -4.037796 8.075592 4.037796
Al -6.056700 10.094496 4.037796
Al -8.075604 12.113400 4.037796
Al -10.094496 14.132292 4.037796
Al 0.000000 6.056700 6.056700
Al -2.018904 8.075604 6.056700
Al -4.037796 10.094496 6.056700
Al -6.056700 12.113400 6.056700
Al -8.075604 14.132304 6.056700
Al -10.094496 16.151196 6.056700
Al 0.000000 8.075604 8.075604
Al -2.018904 10.094508 8.075604
Al -4.037796 12.113400 8.075604
Al -6.056700 14.132304 8.075604
Al -8.075604 16.151208 8.075604
Al -10.094496 18.170100 8.075604
Al 0.000000 10.094496 10.094496
Al -2.018904 12.113400 10.094496
Al -4.037796 14.132292 10.094496
Al -6.056700 16.151196 10.094496
Al -8.075604 18.170100 10.094496
Al -10.094496 20.188992 10.094496
Al -2.018904 0.000000 2.018904
Al -4.037808 2.018904 2.018904
Al -6.056700 4.037796 2.018904
Al -8.075604 6.056700 2.018904
Al -10.094508 8.075604 2.018904
Al -12.113400 10.094496 2.018904
Al -2.018904 2.018904 4.037808
Al -4.037808 4.037808 4.037808
Al -6.056700 6.056700 4.037808
Al -8.075604 8.075604 4.037808
Al -10.094508 10.094508 4.037808
Al -12.113400 12.113400 4.037808
Al -2.018904 4.037796 6.056700
Al -4.037808 6.056700 6.056700
Al -6.056700 8.075592 6.056700
Al -8.075604 10.094496 6.056700
Al -10.094508 12.113400 6.056700
Al -12.113400 14.132292 6.056700
Al -2.018904 6.056700 8.075604
Al -4.037808 8.075604 8.075604
Al -6.056700 10.094496 8.075604
Al -8.075604 12.113400 8.075604
Al -10.094508 14.132304 8.075604
Al -12.113400 16.151196 8.075604
Al -2.018904 8.075604 10.094508
Al -4.037808 10.094508 10.094508
Al -6.056700 12.113400 10.094508
Al -8.075604 14.132304 10.094508
Al -10.094508 16.151208 10.094508
Al -12.113400 18.170100 10.094508
Al -2.018904 10.094496 12.113400
Al -4.037808 12.113400 12.113400
Al -6.056700 14.132292 12.113400
Al -8.075604 16.151196 12.113400
Al -10.094508 18.170100 12.113400
Al -12.113400 20.188992 12.113400
Al -4.037796 0.000000 4.037796
Al -6.056700 2.018904 4.037796
Al -8.075592 4.037796 4.037796
Al -10.094496 6.056700 4.037796
Al -12.113400 8.075604 4.037796
Al -14.132292 10.094496 4.037796
Al -4.037796 2.018904 6.056700
Al -6.056700 4.037808 6.056700
Al -8.075592 6.056700 6.056700
Al -10.094496 8.075604 6.056700
Al -12.113400 10.094508 6.056700
Al -14.132292 12.113400 6.056700
Al -4.037796 4.037796 8.075592
Al -6.056700 6.056700 8.075592
Al -8.075592 8.075592 8.075592
Al -10.094496 10.094496 8.075592
Al -12.113400 12.113400 8.075592
Al -14.132292 14.132292 8.075592
Al -4.037796 6.056700 10.094496
Al -6.056700 8.075604 10.094496
Al -8.075592 10.094496 10.094496
Al -10.094496 12.113400 10.094496
Al -12.113400 14.132304 10.094496
Al -14.132292 16.151196 10.094496
Al -4.037796 8.075604 12.113400
Al -6.056700 10.094508 12.113400
Al -8.075592 12.113400 12.113400
Al -10.094496 14.132304 12.113400
Al -12.113400 16.151208 12.113400
Al -14.132292 18.170100 12.113400
Al -4.037796 10.094496 14.132292
Al -6.056700 12.113400 14.132292
Al -8.075592 14.132292 14.132292
Al -10.094496 16.151196 14.132292
Al -12.113400 18.170100 14.132292
Al -14.132292 20.188992 14.132292
Al -6.056700 0.000000 6.056700
Al -8.075604 2.018904 6.056700
Al -10.094496 4.037796 6.056700
Al -12.113400 6.056700 6.056700
Al -14.132304 8.075604 6.056700
Al -16.151196 10.094496 6.056700
Al -6.056700 2.018904 8.075604
Al -8.075604 4.037808 8.075604
Al -10.094496 6.056700 8.075604
Al -12.113400 8.075604 8.075604
Al -14.132304 10.094508 8.075604
Al -16.151196 12.113400 8.075604
Al -6.056700 4.037796 10.094496
Al -8.075604 6.056700 10.094496
Al -10.094496 8.075592 10.094496
Al -12.113400 10.094496 10.094496
Al -14.132304 12.113400 10.094496
Al -16.151196 14.132292 10.094496
Al -6.056700 6.056700 12.113400
Al -8.075604 8.075604 12.113400
Al -10.094496 10.094496 12.113400
Al -12.113400 12.113400 12.113400
Al -14.132304 14.132304 12.113400
Al -16.151196 16.151196 12.113400
Al -6.056700 8.075604 14.132304
Al -8.075604 10.094508 14.132304
Al -10.094496 12.113400 14.132304
Al -12.113400 14.132304 14.132304
Al -14.132304 16.151208 14.132304
Al -16.151196 18.170100 14.132304
Al -6.056700 10.094496 16.151196
Al -8.075604 12.113400 16.151196
Al -10.094496 14.132292 16.151196
Al -12.113400 16.151196 16.151196
Al -14.132304 18.170100 16.151196
Al -16.151196 20.188992 16.151196
Al -8.075604 0.000000 8.075604
Al -10.094508 2.018904 8.075604
Al -12.113400 4.037796 8.075604
Al -14.132304 6.056700 8.075604
Al -16.151208 8.075604 8.075604
Al -18.170100 10.094496 8.075604
Al -8.075604 2.018904 10.094508
Al -10.094508 4.037808 10.094508
Al -12.113400 6.056700 10.094508
Al -14.132304 8.075604 10.094508
Al -16.151208 10.094508 10.094508
Al -18.170100 12.113400 10.094508
Al -8.075604 4.037796 12.113400
Al -10.094508 6.056700 12.113400
Al -12.113400 8.075592 12.113400
Al -14.132304 10.094496 12.113400
Al -16.151208 12.113400 12.113400
Al -18.170100 14.132292 12.113400
Al -8.075604 6.056700 14.132304
Al -10.094508 8.075604 14.132304
Al -12.113400 10.094496 14.132304
Al -14.132304 12.113400 14.132304
Al -16.151208 14.132304 14.132304
Al -18.170100 16.151196 14.132304
Al -8.075604 8.075604 16.151208
Al -10.094508 10.094508 16.151208
Al -12.113400 12.113400 16.151208
Al -14.132304 14.132304 16.151208
Al -16.151208 16.151208 16.151208
Al -18.170100 18.170100 16.151208
Al -8.075604 10.094496 18.170100
Al -10.094508 12.113400 18.170100
Al -12.113400 14.132292 18.170100
Al -14.132304 16.151196 18.170100
Al -16.151208 18.170100 18.170100
Al -18.170100 20.188992 18.170100
Al -10.094496 0.000000 10.094496
Al -12.113400 2.018904 10.094496
Al -14.132292 4.037796 10.094496
Al -16.151196 6.056700 10.094496
Al -18.170100 8.075604 10.094496
Al -20.188992 10.094496 10.094496
Al -10.094496 2.018904 12.113400
Al -12.113400 4.037808 12.113400
Al -14.132292 6.056700 12.113400
Al -16.151196 8.075604 12.113400
Al -18.170100 10.094508 12.113400
Al -20.188992 12.113400 12.113400
Al -10.094496 4.037796 14.132292
Al -12.113400 6.056700 14.132292
Al -14.132292 8.075592 14.132292
Al -16.151196 10.094496 14.132292
Al -18.170100 12.113400 14.132292
Al -20.188992 14.132292 14.132292
Al -10.094496 6.056700 16.151196
Al -12.113400 8.075604 16.151196
Al -14.132292 10.094496 16.151196
Al -16.151196 12.113400 16.151196
Al -18.170100 14.132304 16.151196
Al -20.188992 16.151196 16.151196
Al -10.094496 8.075604 18.170100
Al -12.113400 10.094508 18.170100
Al -14.132292 12.113400 18.170100
Al -16.151196 14.132304 18.170100
Al -18.170100 16.151208 18.170100
Al -20.188992 18.170100 18.170100
Al -10.094496 10.094496 20.188992
Al -12.113400 12.113400 20.188992
Al -14.132292 14.132292 20.188992
Al -16.151196 16.151196 20.188992
Al -18.170100 18.170100 20.188992
Al -20.188992 20.188992 20.188992

K_POINTS automatic
4 4 4 0 0 0
