0.000000000000000000e+00 0.000000000000000000e+00 0.000000000000000000e+00 0.000000000000000000e+00 1.540140511925948097e+01 1.540140511925990729e+01 1.540141783023297073e+01
1.178511661952620117e-02 9.821821645123537947e-02 9.824072759935417731e-02 2.452878675128561115e-01 1.540058678000440118e+01 1.540059947856989098e+01 1.540099044164356812e+01
2.357023338047380123e-02 1.963998478047047636e-01 1.964226133543819641e-01 4.904926451837532952e-01 1.539813237128598722e+01 1.539814503270479484e+01 1.539974364767373771e+01
3.535535000000000067e-02 2.944860575297529315e-01 2.945092369981397451e-01 7.355313613396110561e-01 1.539404373050846786e+01 1.539405633026914977e+01 1.539765647047596353e+01
4.714046661952620010e-02 3.924294093520116489e-01 3.924531483373900342e-01 9.803213063469318200e-01 1.538832395342677728e+01 1.538833646739590222e+01 1.539471518639285641e+01
5.892558338047380190e-02 4.901827333642754803e-01 4.902071600799080553e-01 1.224780148422651482e+00 1.538097744418085533e+01 1.538098984875133723e+01 1.539090069625055079e+01
7.071070000000000133e-02 5.876992002735217380e-01 5.877244235896325053e-01 1.468826047172637095e+00 1.537200998516475359e+01 1.537202225740148975e+01 1.538618863828454053e+01
8.249581661952620770e-02 6.849323978069702390e-01 6.849585066516903353e-01 1.712377790445796411e+00 1.536142882496995554e+01 1.536144094275227800e+01 1.538054953106616018e+01
9.428093338047380256e-02 7.818363863568702499e-01 7.818634501913712676e-01 1.955354900961773224e+00 1.534924278531801178e+01 1.534925472747871389e+01 1.537394894596738659e+01
1.060660500000000089e-01 8.783657426552909930e-01 8.783938127044674804e-01 2.197677738555315674e+00 1.533546238580910703e+01 1.533547413227002920e+01 1.536634770747329704e+01
1.178511666195262153e-01 9.744756000956362740e-01 9.745047110507516486e-01 2.439267623488459158e+00 1.532009998378051741e+01 1.532011151568497809e+01 1.535770211862228152e+01
1.296362833804738102e-01 1.070121663096682774e+00 1.070151835068051449e+00 2.680046927715041161e+00 1.530316993082040078e+01 1.530318123066300728e+01 1.534796421103060737e+01
1.414214000000000027e-01 1.165260204572901914e+00 1.165291445140371529e+00 2.919939159967362752e+00 1.528468874382796372e+01 1.528469979558299663e+01 1.533708201693177386e+01
1.532065166195262229e-01 1.259848055389592769e+00 1.259880361650870251e+00 3.158869069951142361e+00 1.526467528701883403e+01 1.526468607626835627e+01 1.532499985960663835e+01
1.649916333804738178e-01 1.353842563993118642e+00 1.353875924554597932e+00 3.396762719160866695e+00 1.524315096706688522e+01 1.524316148113047653e+01 1.531165866188352709e+01
1.767767500000000103e-01 1.447201535779157444e+00 1.447235932657933377e+00 3.633547544174102750e+00 1.522013993837953727e+01 1.522015016644779628e+01 1.529699626947465418e+01
1.885618666195262028e-01 1.539883161528464051e+00 1.539918571951073734e+00 3.869152437515818832e+00 1.519566931406295041e+01 1.519567924733712694e+01 1.528094778481304417e+01
2.003469833804737976e-01 1.631845914192071145e+00 1.631882312283778669e+00 4.103507794416763943e+00 1.516976938541080777e+01 1.516977901725125122e+01 1.526344591165200626e+01
2.121321000000000179e-01 1.723048424242509480e+00 1.723085782603412941e+00 4.336545551270488907e+00 1.514247384604992419e+01 1.514248317213592365e+01 1.524442130674753670e+01
2.239172166195262104e-01 1.813449343536028380e+00 1.813487634699913587e+00 4.568199240645805403e+00 1.511382001549922727e+01 1.511382903400239464e+01 1.522380293376509108e+01
2.357023333804738052e-01 1.903007178342892125e+00 1.903046376112746074e+00 4.798404012158196785e+00 1.508384906557272132e+01 1.508385777734523181e+01 1.520151842062761638e+01
2.474874499999999977e-01 1.991680102583919920e+00 1.991720183235359043e+00 5.027096644896557720e+00 1.505260624490119881e+01 1.505261465367854257e+01 1.517749441636464347e+01
2.592725666195262457e-01 2.079425761999466271e+00 2.079466705340115684e+00 5.254215575982221331e+00 1.502014109554603749e+01 1.502014920816101018e+01 1.515165694223548698e+01
2.710576833804738128e-01 2.166201051569835112e+00 2.166242841841018674e+00 5.479700895685808426e+00 1.498650766562813352e+01 1.498651549222886814e+01 1.512393173964314386e+01
2.828428000000000053e-01 2.251961878205154477e+00 2.252004504809949736e+00 5.703494334626711293e+00 1.495176471235869009e+01 1.495177226661748193e+01 1.509424461076771706e+01
2.946279166195262533e-01 2.336662920360395468e+00 2.336706378402684692e+00 5.925539267294444912e+00 1.491597588864618551e+01 1.491598318793866440e+01 1.506252174642106745e+01
3.064130333804738204e-01 2.420257368810684984e+00 2.420301659431018937e+00 6.145780683557727109e+00 1.487920991752548083e+01 1.487921698305065910e+01 1.502869004523482310e+01
3.181981500000000129e-01 2.502696661699457259e+00 2.502741792196196080e+00 6.364165153437837397e+00 1.484154074784497901e+01 1.484154760464848621e+01 1.499267742003834947e+01
3.299832666195262054e-01 2.583930226526351515e+00 2.583976210256048400e+00 6.580640808978793110e+00 1.480304768355163247e+01 1.480305436040848654e+01 1.495441308569467331e+01
3.417683833804738280e-01 2.663905215406428884e+00 2.663952071463496551e+00 6.795157296211060682e+00 1.476381549091755296e+01 1.476382202003139277e+01 1.491382783433294534e+01
3.535535000000000205e-01 2.742566247819790082e+00 2.742614000502246352e+00 7.007665722148604281e+00 1.472393447613115036e+01 1.472394089261763028e+01 1.487085429375615142e+01
3.653386166195262685e-01 2.819855174480438986e+00 2.819903852558006907e+00 7.218118620162948140e+00 1.468350052474671230e+01 1.468350686589205623e+01 1.482542716303685282e+01
3.771237333804738356e-01 2.895710850783906665e+00 2.895760486591484106e+00 7.426469888126470131e+00 1.464261510722632309e+01 1.464262141154575758e+01 1.477748343323578695e+01
3.889088500000000281e-01 2.970068934978213893e+00 2.970119563365837045e+00 7.632674723827636676e+00 1.460138524203027899e+01 1.460139154818860874e+01 1.472696258888168153e+01
4.006939666195262206e-01 3.042861725357740355e+00 3.042913382533245503e+00 7.836689580419188061e+00 1.455992340707093469e+01 1.455992975275694867e+01 1.467380678390462911e+01
4.124790833804738432e-01 3.114018026829169727e+00 3.114070749133895699e+00 8.038472097727911603e+00 1.451834740364510168e+01 1.451835382450299861e+01 1.461796100206677451e+01
4.242642000000000357e-01 3.183463062396693743e+00 3.183516885055720724e+00 8.237981033381441165e+00 1.447678016369436094e+01 1.447678669240407778e+01 1.455937319728685253e+01
4.360493166195262282e-01 3.251118443831293003e+00 3.251173399718368717e+00 8.435176215828160906e+00 1.443534949106430076e+01 1.443535615663299154e+01 1.449799440713563570e+01
4.478344333804737953e-01 3.316902193075544680e+00 3.316958311529987657e+00 8.630018476535902039e+00 1.439418774111376287e+01 1.439419456840174938e+01 1.443377885172377262e+01
4.596195500000000433e-01 3.380728829260141843e+00 3.380786134987780134e+00 8.822469584662714581e+00 1.435343142973081143e+01 1.435343843917166851e+01 1.436668401306119236e+01
4.714046666195261803e-01 3.442509534237533142e+00 3.442568046321676345e+00 9.012492205482629970e+00 1.429667068695050069e+01 1.431322076348825156e+01 1.431322797135248948e+01
4.831897833804738585e-01 3.502152388043143549e+00 3.502212119085112985e+00 9.200049841316829458e+00 1.422370302472213943e+01 1.427369909588910346e+01 1.427370651369841603e+01
4.949748999999999954e-01 3.559562686683111821e+00 3.559623642084968953e+00 9.385106777485727747e+00 1.414774855313942936e+01 1.423501230378472115e+01 1.423501993920363695e+01
5.067600166195261879e-01 3.614643351707178986e+00 3.614705529103577675e+00 9.567628053663314702e+00 1.406877817239122130e+01 1.419730807680289253e+01 1.419731593365460753e+01
5.185451333804738105e-01 3.667295420769454584e+00 3.667358809609703396e+00 9.747579420850762233e+00 1.398676614285062136e+01 1.416073512942071133e+01 1.416074320805102360e+01
5.303302500000000030e-01 3.717418626588413488e+00 3.717483207865947215e+00 9.924927305595955929e+00 1.390169005713060635e+01 1.412544233214117462e+01 1.412545062977837773e+01
5.421153666195263066e-01 3.764912067643711779e+00 3.764977813766622106e+00 1.009963880083675924e+01 1.381353078820760771e+01 1.409157776165492315e+01 1.409158627277326659e+01
5.539004833804738182e-01 3.809674955161325816e+00 3.809741829955040071e+00 1.027168164505403070e+01 1.372227243245538908e+01 1.405928768355164671e+01 1.405929640022965721e+01
5.656856000000000106e-01 3.851607436163758447e+00 3.851675394995812240e+00 1.044102421037241690e+01 1.362790224071809142e+01 1.402871547130409979e+01 1.402872438357048779e+01
5.774707166195262031e-01 3.890611487357737097e+00 3.890680477373538615e+00 1.060763551789280257e+01 1.353041052793214227e+01 1.400000046906317586e+01 1.400000956522531936e+01
5.892558333804738258e-01 3.926591858009023106e+00 3.926661818467011678e+00 1.077148524342171143e+01 1.342979058223951583e+01 1.397327681857091086e+01 1.397328608552162166e+01
6.010409500000000182e-01 3.959457052496732299e+00 3.959527915192114556e+00 1.093254373316313988e+01 1.332603856583919288e+01 1.394867226213158418e+01 1.394868168563057687e+01
6.128260666195262107e-01 3.989120338108643526e+00 3.989192027874709723e+00 1.109078204648941934e+01 1.321915339714484894e+01 1.392630693764865590e+01 1.392631650257563614e+01
6.246111833804738334e-01 4.015500750470624602e+00 4.015573185747416396e+00 1.124617199045879978e+01 1.310913663726756795e+01 1.390629219207257172e+01 1.390630188264930034e+01
6.363963000000000259e-01 4.038524079738444073e+00 4.038597173199623747e+00 1.139868616450874406e+01 1.299599237208761160e+01 1.388872943200208354e+01 1.388873923198118199e+01
6.481814166195262183e-01 4.058123816736706857e+00 4.058197475965619638e+00 1.154829803122110832e+01 1.287972707846349429e+01 1.387370903318532456e+01 1.387371892600496537e+01
6.599665333804738410e-01 4.074242030113018664e+00 4.074316158319921222e+00 1.169498197936913009e+01 1.276034949960090437e+01 1.386130933689154965e+01 1.386131930579600358e+01
6.717516500000000335e-01 4.086830155510694951e+00 4.086904652283754658e+00 1.183871339649498999e+01 1.263787051977438303e+01 1.385159575340040128e+01 1.385160578152778754e+01
6.835367666195262260e-01 4.095849676180417731e+00 4.095924438263692124e+00 1.197946876566322238e+01 1.251230302586628618e+01 1.384461999360373063e+01 1.384463006404416952e+01
6.953218833804738486e-01 4.101272672447100476e+00 4.101347594538796493e+00 1.211722575417717884e+01 1.238366178268645257e+01 1.384041945069467516e+01 1.384042954652332647e+01
7.071070000000000411e-01 4.103082226826159307e+00 4.103157202391326308e+00 1.225195685446117366e+01 1.225196976696804008e+01 1.383901674591378672e+01 1.383902685020483503e+01
7.154403359787412375e-01 4.102833796618474693e+00 4.107674399349329875e+00 1.225004991716902758e+01 1.225114581172984529e+01 1.383932223681754969e+01 1.384010084081133662e+01
7.237736717574824175e-01 4.101977070285254712e+00 4.121290348667144166e+00 1.224434233673915351e+01 1.224868395605081162e+01 1.384022339425422388e+01 1.384331944996679731e+01
7.321070077362237249e-01 4.100548674204401500e+00 4.143828688508860658e+00 1.223489141392437141e+01 1.224459560517257373e+01 1.384172434955682895e+01 1.384862355617833529e+01
7.404403437149650324e-01 4.098548465453916378e+00 4.175061523164377952e+00 1.222178623662704666e+01 1.223890292503120136e+01 1.384382371516363897e+01 1.385592623928360467e+01
7.487736794937062124e-01 4.095976052529652023e+00 4.214679760425611654e+00 1.220514492603881251e+01 1.223163714933854962e+01 1.384651952981192657e+01 1.386511241116323312e+01
7.571070154724475199e-01 4.092830914988836000e+00 4.262301811105581706e+00 1.218510900703233624e+01 1.222283876014336990e+01 1.384980927527746353e+01 1.387604442787386283e+01
7.654403514511887163e-01 4.089112416669414607e+00 4.317483691471962537e+00 1.216183730316710587e+01 1.221255773127293054e+01 1.385368988122335487e+01 1.388856818094389389e+01
7.737736872299298962e-01 4.084819809917481059e+00 4.379729767144115549e+00 1.213549989216302549e+01 1.220085382491092219e+01 1.385815773042648047e+01 1.390251912404575663e+01
7.821070232086710927e-01 4.079952238432666078e+00 4.448503491247783437e+00 1.210627254681755005e+01 1.218779694096879496e+01 1.386320866493426607e+01 1.391772781045975549e+01
7.904403591874124002e-01 4.074508741113993082e+00 4.523237582229177711e+00 1.207433194614953109e+01 1.217346752116949737e+01 1.386883799198003864e+01 1.393402466007662532e+01
7.987736949661535801e-01 4.068488255305271473e+00 4.603343263346550529e+00 1.203985177974609933e+01 1.215795700035016758e+01 1.387504049159812247e+01 1.395124382762247706e+01
8.071070309448948876e-01 4.061889620123213085e+00 4.688218289163393671e+00 1.200299976611004027e+01 1.214136830292337521e+01 1.388181042527193298e+01 1.396922615313551397e+01
8.154403669236360841e-01 4.054711581495761052e+00 4.777253606186144808e+00 1.196393552747963973e+01 1.212381638255596172e+01 1.388914154394116274e+01 1.398782125686605582e+01
8.237737027023773750e-01 4.046952796310042899e+00 4.869838662285226327e+00 1.192280919130096351e+01 1.210542878956313828e+01 1.389702709802433311e+01 1.400688890100557948e+01
8.321070386811185715e-01 4.038611836651353926e+00 4.965365416411033905e+00 1.187976058981961103e+01 1.208634625645605887e+01 1.390545984839168980e+01 1.402629974969805104e+01
8.404403746598598790e-01 4.029687196111899183e+00 5.063231154069825379e+00 1.183491893335728662e+01 1.206672328908844172e+01 1.391443207625169975e+01 1.404593565746112915e+01
8.487737104386011699e-01 4.020177294807508517e+00 5.162840315024883608e+00 1.178840281749760166e+01 1.204672873253074528e+01 1.392393559532877667e+01 1.406568961633505488e+01
8.571070464173423664e-01 4.010080484450177174e+00 5.263605501269436715e+00 1.174032046870006241e+01 1.202654628536265591e+01 1.393396176488638893e+01 1.408546546124587451e+01
8.654403823960836739e-01 3.999395055833015356e+00 5.364947837070565662e+00 1.169077015612597492e+01 1.200637492850625598e+01 1.394450150121648058e+01 1.410517741252683699e+01
8.737737181748248538e-01 3.988119244606030733e+00 5.466296918652217229e+00 1.163984068540137429e+01 1.198642921156909047e+01 1.395554529166808244e+01 1.412474952842076270e+01
8.821070541535661613e-01 3.976251237064346356e+00 5.567090521930508906e+00 1.158761193611156592e+01 1.196693934176946783e+01 1.396708320940230053e+01 1.414411511085090645e+01
8.904403901323074688e-01 3.963789178687651127e+00 5.666774229192253820e+00 1.153415542112133174e+01 1.194815100892126480e+01 1.397910492617278067e+01 1.416321609411122751e+01
8.987737259110486487e-01 3.950731180544651444e+00 5.764801194720098110e+00 1.147953482286369997e+01 1.193032485559713152e+01 1.399159972786786810e+01 1.418200244794140374e+01
9.071070618897899562e-01 3.937075325661719916e+00 5.860632195163985259e+00 1.142380650242338014e+01 1.191373550520918734e+01 1.400455653065091965e+01 1.420043160530556925e+01
9.154403978685312637e-01 3.922819678480425232e+00 5.953736102991486590e+00 1.136701998552284465e+01 1.189867005318987658e+01 1.401796389469883941e+01 1.421846791950739863e+01
9.237737336472724436e-01 3.907962291747417272e+00 6.043590971302180925e+00 1.130921839786708105e+01 1.188542591475295573e+01 1.403181004090143702e+01 1.423608216291168027e+01
9.321070696260138622e-01 3.892501213316260866e+00 6.129685833138018403e+00 1.125043886024263173e+01 1.187430794368157549e+01 1.404608286802614181e+01 1.425325106406361719e+01
9.404404056047550586e-01 3.876434496377215932e+00 6.211523293189896933e+00 1.119071285768162127e+01 1.186562475449021647e+01 1.406076996707401783e+01 1.426995687860679674e+01
9.487737413834963496e-01 3.859760206680236561e+00 6.288623003752379148e+00 1.113006656029782171e+01 1.185968420788500843e+01 1.407585863877442023e+01 1.428618699929122648e+01
9.571070773622376571e-01 3.842476429615837574e+00 6.360525997922356289e+00 1.106852111116425874e+01 1.185678808162865927e+01 1.409133591141198494e+01 1.430193359790297336e+01
9.654404133409788535e-01 3.824581281065138505e+00 6.426799787277474252e+00 1.100609289866276796e+01 1.185722601320515857e+01 1.410718855546451422e+01 1.431719329233814264e+01
9.737737491197201445e-01 3.806072914798969808e+00 6.487044094269895034e+00 1.094279379107537764e+01 1.186126887936954688e+01 1.412340310153780898e+01 1.433196684217048400e+01
9.821070850984613410e-01 3.786949529680385673e+00 6.540896946901087361e+00 1.087863134999876813e+01 1.186916187030749370e+01 1.413996585850376420e+01 1.434625886531222960e+01
9.904404210772027595e-01 3.767209380980459432e+00 6.588040789895636351e+00 1.081360904055271099e+01 1.188111759153231972e+01 1.415686292810055313e+01 1.436007756935678081e+01
9.987737568559438284e-01 3.746850787796025983e+00 6.628208239924523681e+00 1.074772641464138800e+01 1.189730959243700781e+01 1.417408022297029824e+01 1.437343450072471107e+01
1.007107092834685247e+00 3.725872140216165640e+00 6.661187041235691275e+00 1.068097928382217532e+01 1.191786674755365460e+01 1.419160348477825728e+01 1.438634430517673124e+01
1.015440428813426443e+00 3.704271910951264957e+00 6.686823806905037415e+00 1.061335989953609626e+01 1.194286889169002031e+01 1.420941829848121785e+01 1.439882449436746903e+01
1.023773764592167623e+00 3.682048662613583545e+00 6.705026221091284988e+00 1.054485711499603973e+01 1.197234405472081953e+01 1.422751011015740019e+01 1.441089522181361815e+01
1.032107100570908820e+00 3.659201054694514177e+00 6.715763461353701835e+00 1.047545654493819889e+01 1.200626751984441398e+01 1.424586424480619229e+01 1.442257906307978743e+01
1.040440436549650016e+00 3.635727855358025451e+00 6.719064758920355374e+00 1.040514074063927730e+01 1.204456277524703545e+01 1.426446592002331926e+01 1.443390079603498855e+01
1.048773772328391196e+00 3.611627948434636082e+00 6.715016180491292452e+00 1.033388935243686113e+01 1.208710429282677445e+01 1.428330026334616498e+01 1.444488718491825807e+01
1.057107108307132615e+00 3.586900340062368464e+00 6.703755845509098421e+00 1.026167929557193403e+01 1.213372190482100876e+01 1.430235232946887614e+01 1.445556676424269860e+01
1.065440444285873811e+00 3.561544170503131213e+00 6.685467919481664190e+00 1.018848493645277387e+01 1.218420642797335596e+01 1.432160711310099188e+01 1.446596961948310245e+01
1.073773780064614991e+00 3.535558720708646518e+00 6.660375785224144529e+00 1.011427826948624897e+01 1.223831614707517979e+01 1.434104956558935307e+01 1.447612716868592031e+01
1.082107116043356188e+00 3.508943418487677324e+00 6.628734810750749773e+00 1.003902909996133097e+01 1.229578372637922001e+01 1.436066461132326388e+01 1.448607194215659710e+01
1.090440452022097384e+00 3.481697850212825962e+00 6.590825117488321894e+00 9.962705249889079795e+00 1.235632313809361627e+01 1.438043715959385338e+01 1.449583735811757457e+01
1.098773787800838564e+00 3.453821766827828377e+00 6.546944671301018204e+00 9.885272754826450736e+00 1.241963629564050287e+01 1.440035212029495781e+01 1.450545749889678859e+01
1.107107123779579760e+00 3.425315089414701752e+00 6.497402951206182387e+00 9.806696066943935364e+00 1.248541912662270725e+01 1.442039441933431299e+01 1.451496688577433503e+01
1.115440459758321179e+00 3.396177920669736228e+00 6.442515375203817563e+00 9.726938281209669412e+00 1.255336690159601609e+01 1.444054900935301333e+01 1.452440025113974720e+01
1.123773795537062359e+00 3.366410550233742249e+00 6.382598549856340675e+00 9.645961350594157935e+00 1.262317875855881333e+01 1.446080088434935185e+01 1.453379231292965024e+01
1.132107131515803555e+00 3.336013459545704496e+00 6.317966367833520280e+00 9.563726305515478643e+00 1.269456139133718153e+01 1.448113509395368581e+01 1.454317755022844239e+01
1.140440467494544752e+00 3.304987332979071546e+00 6.248926934966729796e+00 9.480193494603387450e+00 1.276723191834927285e+01 1.450153675290863298e+01 1.455258997919385244e+01
1.148773803273285932e+00 3.273333062390357817e+00 6.175780231146518418e+00 9.395322810608810471e+00 1.284092003025570783e+01 1.452199105449991201e+01 1.456206293461960577e+01
1.157107139252027128e+00 3.241051751159785166e+00 6.098816425431067501e+00 9.309073916911991375e+00 1.291536949099916320e+01 1.454248328359094167e+01 1.457162885648335227e+01
1.165440475230768325e+00 3.208144724892323385e+00 6.018314764793626814e+00 9.221406492227028906e+00 1.299033907316812453e+01 1.456299882479225793e+01 1.458131908084700434e+01
1.173773811009509505e+00 3.174613535094136019e+00 5.934542906323929223e+00 9.132280455354550242e+00 1.306560305697962932e+01 1.458352317451198843e+01 1.459116364072796657e+01
1.182107146988250923e+00 3.140459962316087150e+00 5.847756614520076113e+00 9.041656186013327101e+00 1.314095136847303813e+01 1.460119107382813120e+01 1.460404195505612179e+01
1.190440482966992120e+00 3.105686026337101779e+00 5.758199761101741032e+00 8.949494760231983648e+00 1.321618942200025870e+01 1.461142824995021172e+01 1.462454091271527545e+01
1.198773818745733299e+00 3.070293988893448844e+00 5.666104519734233236e+00 8.855758160309905591e+00 1.329113777004369013e+01 1.462190018939599945e+01 1.464500594299693859e+01
1.207107154724474496e+00 3.034286355855448036e+00 5.571691712481045222e+00 8.760409476324925393e+00 1.336563160300099184e+01 1.463262992107937777e+01 1.466542308905845715e+01
1.215440490703215692e+00 2.997665886825001902e+00 5.475171280538480012e+00 8.663413118909613075e+00 1.343952013086786756e+01 1.464363833594456743e+01 1.468577855209088590e+01
1.223773826481956872e+00 2.960435596857467377e+00 5.376742800401684619e+00 8.564735001577481910e+00 1.351266591750828283e+01 1.465494406349491285e+01 1.470605870019142003e+01
1.232107162460698069e+00 2.922598757617276721e+00 5.276596033812309905e+00 8.464342710851481044e+00 1.358494418071065191e+01 1.466656336399846339e+01 1.472625007741258329e+01
1.240440498439439487e+00 2.884158906334747030e+00 5.174911510706787787e+00 8.362205685446364001e+00 1.365624206507986393e+01 1.467851003503105289e+01 1.474633940803167498e+01
1.248773834218180667e+00 2.845119846475601122e+00 5.071861085323045693e+00 8.258295361103725085e+00 1.372645793602958442e+01 1.469079533770613821e+01 1.476631360479171384e+01
1.257107170196921864e+00 2.805485647835471941e+00 4.967608473443042350e+00 8.152585300839538363e+00 1.379550069039637172e+01 1.470342794058840497e+01 1.478615977668105153e+01
1.265440506175663060e+00 2.765260654814943653e+00 4.862309785195004785e+00 8.045051333556664019e+00 1.386328907712247194e+01 1.471641387852763927e+01 1.480586523199793625e+01
1.273773841954404240e+00 2.724449486005409149e+00 4.756114003099586540e+00 7.935671655887428955e+00 1.392975106354471926e+01 1.472975653159322817e+01 1.482541748534131898e+01
1.282107177933145437e+00 2.683057033197730590e+00 4.649163423568343667e+00 7.824426918642398476e+00 1.399482323438544107e+01 1.474345662134122037e+01 1.484480426414518206e+01
1.290440513911886633e+00 2.641088468945973045e+00 4.541594083552097594e+00 7.711300322556653875e+00 1.405845021104069126e+01 1.475751222086600833e+01 1.486401351061740250e+01
1.298773849690627813e+00 2.598549245053202394e+00 4.433536125824049101e+00 7.596277676324040939e+00 1.412058411996373586e+01 1.477191878376961398e+01 1.488303338754393756e+01
1.307107185669369231e+00 2.555445090482172166e+00 4.325114125802385523e+00 7.479347439902610972e+00 1.418118409420208437e+01 1.478666918858870183e+01 1.490185228364876124e+01
1.315440521648110428e+00 2.511782018191157206e+00 4.216447404495356821e+00 7.360500779448869046e+00 1.424021579404710103e+01 1.480175379448631290e+01 1.492045881450699341e+01
1.323773857426851608e+00 2.467566322515165389e+00 4.107650282141664277e+00 7.239731584798491326e+00 1.429765097186973755e+01 1.481716051344630181e+01 1.493884182724338139e+01
1.332107193405592804e+00 2.422804575980682440e+00 3.998832297307195915e+00 7.117036473994587276e+00 1.435346706486006418e+01 1.483287489497040745e+01 1.495699040480395325e+01
1.340440529384334001e+00 2.377503635406599258e+00 3.890098416756745170e+00 6.992414812744296881e+00 1.440764680198062209e+01 1.484888021864298935e+01 1.497489386595604977e+01
1.348773865163075181e+00 2.331670638190188605e+00 3.781549190790031822e+00 6.865868697444891922e+00 1.446017784779605186e+01 1.486515760005994125e+01 1.499254176897441759e+01
1.357107201141816377e+00 2.285312998038254939e+00 3.673280879320171888e+00 6.737402927671873876e+00 1.451105246776056745e+01 1.488168610576541084e+01 1.500992391492213862e+01
1.365440537120557796e+00 2.238438410337938222e+00 3.565385573787974938e+00 6.607024997367834551e+00 1.456026720244230965e+01 1.489844287233606934e+01 1.502703034685888461e+01
1.373773872899298976e+00 2.191054847366538993e+00 3.457951269608246392e+00 6.474745050930596157e+00 1.460782257142412455e+01 1.491540323548028724e+01 1.504385135261705209e+01
1.382107208878040172e+00 2.143170552964123843e+00 3.351061914353627991e+00 6.340575831361254799e+00 1.465372279279812950e+01 1.493254086461369212e+01 1.506037746719743353e+01
1.390440544856781369e+00 2.094794047186781860e+00 3.244797456167238359e+00 6.204532650915121295e+00 1.469797550716556067e+01 1.494982789801879619e+01 1.507659947131256928e+01
1.398773880635522548e+00 2.045934120470898954e+00 3.139233847375082043e+00 6.066633327912819951e+00 1.474059152510364257e+01 1.496723508487157162e+01 1.509250839336118410e+01
1.407107216614263745e+00 1.996599827281748452e+00 3.034443028203763770e+00 5.926898118041814101e+00 1.478158458549084564e+01 1.498473192955473010e+01 1.510809551104902049e+01
1.415440552593004941e+00 1.946800490070567768e+00 2.930492914390967929e+00 5.785349671671178307e+00 1.482097111505821552e+01 1.500228683348427694e+01 1.512335234939665263e+01
1.423773888371746121e+00 1.896545692433177388e+00 2.827447344352674197e+00 5.642012958274394308e+00 1.485877000638245704e+01 1.501986724111858429e+01 1.513827068202358639e+01
1.432107224350487540e+00 1.845845271778506769e+00 2.725366010459272292e+00 5.496915187391521407e+00 1.489500240318284874e+01 1.503743978562854444e+01 1.515284253210677257e+01
1.440440560329228736e+00 1.794709322617981995e+00 2.624304397541731948e+00 5.350085758640719114e+00 1.492969148467718732e+01 1.505497042968041299e+01 1.516706016998220363e+01
1.448773896107969916e+00 1.743148188767622564e+00 2.524313685446173849e+00 5.201556179361706889e+00 1.496286226448214940e+01 1.507242460829333197e+01 1.518091611385050044e+01
1.457107232086711113e+00 1.691172455088079118e+00 2.425440639873315263e+00 5.051359980379637626e+00 1.499454139433319710e+01 1.508976736937566798e+01 1.519440313018537836e+01
1.465440568065452531e+00 1.638792950142176963e+00 2.327727514071698867e+00 4.899532663316156444e+00 1.502475696566772534e+01 1.510696350768599494e+01 1.520751423105584799e+01
1.473773903844193711e+00 1.586020737496516286e+00 2.231211919807472022e+00 4.746111615627968128e+00 1.505353832286248483e+01 1.512397769933387970e+01 1.522024267436334810e+01
1.482107239822934908e+00 1.532867106593354123e+00 2.135926691615857020e+00 4.591136024885972944e+00 1.508091587973592063e+01 1.514077463259335588e+01 1.523258196380998442e+01
1.490440575801676326e+00 1.479343574816790463e+00 2.041899766500159696e+00 4.434646826581169599e+00 1.510692093354307097e+01 1.515731913111453188e+01 1.524452584606360261e+01
1.498773911580417506e+00 1.425461877957355128e+00 1.949154039500226698e+00 4.276686619386823374e+00 1.513158548862178066e+01 1.517357627663415620e+01 1.525606831063274171e+01
1.507107247559158703e+00 1.371233960282482123e+00 1.857707218987671549e+00 4.117299580385059166e+00 1.515494208255111985e+01 1.518951152715943387e+01 1.526720358950013434e+01
1.515440583537900121e+00 1.316671976057135485e+00 1.767571703588166843e+00 3.956531415345188041e+00 1.517702361013071410e+01 1.520509082708103676e+01 1.527792615424644218e+01
1.523773919316641301e+00 1.261788279241527144e+00 1.678754443423665865e+00 3.794429275915344846e+00 1.519786315578946834e+01 1.522028071612499467e+01 1.528823071566380953e+01
1.532107255295382719e+00 1.206595412831592107e+00 1.591256809403365668e+00 3.631041677192105244e+00 1.521749382844403442e+01 1.523504843334853120e+01 1.529811222315401587e+01
1.540440591274123916e+00 1.151106109885249085e+00 1.505074492241165851e+00 3.466418451493316066e+00 1.523594859509512034e+01 1.524936201303136762e+01 1.530756586191863278e+01
1.548773927052865096e+00 1.095333282527919172e+00 1.420197396224141428e+00 3.300610668328777475e+00 1.525326012231163730e+01 1.526319037900734976e+01 1.531658705240491081e+01
1.557107263031606514e+00 1.039290010640830930e+00 1.336609551185762079e+00 3.133670554939997910e+00 1.526946062068407350e+01 1.527650343390304144e+01 1.532517144956035615e+01
1.565440599010347933e+00 9.829895424465553422e-01 1.254289063989794117e+00 2.965651453897807599e+00 1.528458168941226347e+01 1.528927214055475758e+01 1.533331494018775132e+01
1.573773934789089113e+00 9.264452829025898728e-01 1.173208076613091677e+00 2.796607746099940339e+00 1.529865416880824647e+01 1.530146860162133216e+01 1.534101364230867581e+01
1.582107270767830531e+00 8.696707818186355521e-01 1.093332753594071338e+00 2.626594774381258102e+00 1.531170799674727157e+01 1.531306613415821616e+01 1.534826390435748600e+01
1.590440606746571728e+00 8.126797340595438568e-01 1.014623319341025676e+00 2.455668804803954330e+00 1.532377206694332550e+01 1.532403933692826570e+01 1.535506230278927120e+01
1.598773942525312908e+00 7.554859674102566425e-01 9.370341137765469952e-01 2.283886952539151860e+00 1.533436415515531159e+01 1.533487409617652553e+01 1.536140564143695819e+01
1.607107278504054104e+00 6.981034302076937204e-01 8.605136876667046630e-01 2.111307108316507364e+00 1.534401794218871373e+01 1.534504049497495792e+01 1.536729095071847517e+01
1.615440614482795523e+00 6.405461912210781428e-01 7.850049565777900140e-01 1.937987902989570799e+00 1.535297951159579810e+01 1.535429624501498580e+01 1.537271548557507650e+01
1.623773950261536703e+00 5.828284270750490048e-01 7.104453822665698359e-01 1.763988635928272597e+00 1.536122918965813788e+01 1.536266478306725070e+01 1.537767672488992510e+01
1.632107286240278121e+00 5.249644094849332809e-01 6.367672004837637845e-01 1.589369203886311643e+00 1.536874886192222789e+01 1.537016789289575946e+01 1.538217237077583732e+01
1.640440622219019318e+00 4.669685048760251478e-01 5.638977116920050880e-01 1.414190068267071387e+00 1.537552201401604179e+01 1.537682560271808718e+01 1.538620034691908245e+01
1.648773957997760498e+00 4.088551614545869461e-01 4.917596026251900843e-01 1.238512185532069543e+00 1.538153377007374090e+01 1.538265609258674615e+01 1.538975879813824754e+01
1.657107293976501694e+00 3.506388961364383938e-01 4.202713144282632096e-01 1.062396937970421229e+00 1.538677092666342006e+01 1.538767560983442451e+01 1.539284608986381997e+01
1.665440629955242891e+00 2.923342939667678553e-01 3.493474707521211919e-01 8.859061030144075310e-01 1.539122198138617925e+01 1.539189839212445143e+01 1.539546080710096376e+01
1.673773965733984070e+00 2.339559949235957004e-01 2.788993319212139110e-01 7.091017851164681529e-01 1.539487715880704854e+01 1.539533660074608790e+01 1.539760175467665704e+01
1.682107301712725489e+00 1.755186806140874578e-01 2.088352873262676046e-01 5.320463478671363378e-01 1.539772843204624841e+01 1.539800026166849278e+01 1.539926795889613409e+01
1.690440637691466685e+00 1.170370734693664955e-01 1.390613963156961397e-01 3.548023846823140093e-01 1.539976953970963436e+01 1.539989720701965936e+01 1.540045867773190480e+01
1.698773973470207865e+00 5.852592274764925606e-02 6.948194201668189685e-02 1.774326515981288210e-01 1.540099599977804345e+01 1.540103292119262690e+01 1.540117351800881274e+01
1.707107309448949062e+00 0.000000000000000000e+00 0.000000000000000000e+00 0.000000000000000000e+00 1.540140511925948097e+01 1.540140511925991618e+01 1.540141783023297073e+01
1.714858861637136078e+00 5.802952361572176476e-02 5.802993720651163090e-02 1.662719205416927637e-01 1.540103250614735408e+01 1.540114969676985446e+01 1.540115845277176021e+01
1.722610413825323539e+00 1.160465242126097057e-01 1.160473509485826643e-01 3.325322427985842877e-01 1.539990239610824929e+01 1.540038372928324506e+01 1.540039226243990633e+01
1.730361966135985030e+00 1.740384525420000661e-01 1.740396921514560380e-01 4.987693334602660289e-01 1.539801647253399075e+01 1.539910811674870494e+01 1.539911659188633131e+01
1.738113518324172491e+00 2.319927070479695930e-01 2.319943590495069097e-01 6.649714746313882818e-01 1.539537174786650731e+01 1.539732435922485010e+01 1.539733279578052638e+01
1.745865070512359507e+00 2.898966129942796011e-01 2.898986767303969869e-01 8.311268422484223706e-01 1.539196386869768851e+01 1.539503455685045807e+01 1.539504295564118408e+01
1.753616622700546746e+00 3.477373939332465969e-01 3.477398685797967737e-01 9.972234582821173365e-01 1.538778724275343102e+01 1.539224141003425395e+01 1.539224976727882321e+01
1.761368175011208459e+00 4.055021488775927829e-01 4.055050334460313377e-01 1.163249159371812169e+00 1.538283506780725141e+01 1.538894821951620173e+01 1.538895652989528173e+01
1.769119727199395475e+00 4.631778243323823596e-01 4.631811176718155787e-01 1.329191550525872678e+00 1.537709935603658984e+01 1.538515888671988208e+01 1.538516714431689891e+01
1.776871279387582714e+00 5.207511958669872598e-01 5.207548966660394685e-01 1.495037986002354380e+00 1.537057095980312127e+01 1.538087791356374723e+01 1.538088611222546653e+01
1.784622831575769730e+00 5.782088410468541051e-01 5.782129478354134378e-01 1.660775525044713152e+00 1.536323960146829037e+01 1.537611040275317187e+01 1.537611853625269376e+01
1.792374383886431666e+00 6.355371183901996623e-01 6.355416295414830774e-01 1.826390904570035500e+00 1.535509390610666181e+01 1.537086205768353508e+01 1.537087011980523954e+01
1.800125936074618904e+00 6.927221415106046276e-01 6.927270552432840400e-01 1.991870497490966674e+00 1.534612143830003994e+01 1.536513918273905155e+01 1.536514716732884978e+01
1.807877488262805921e+00 7.497497630100770083e-01 7.497550773902503796e-01 2.157200298652993453e+00 1.533630874085671536e+01 1.535894868264789892e+01 1.535895658364705341e+01
1.815629040450993159e+00 8.066055500732700612e-01 8.066112630168903452e-01 2.322365886148529235e+00 1.532564137788232550e+01 1.535229806252194606e+01 1.535230587399239788e+01
1.823380592761654873e+00 8.632747663181882247e-01 8.632808755938548018e-01 2.487352399956737514e+00 1.531410397995495920e+01 1.534519542720592611e+01 1.534520314335129498e+01
1.831132144949842111e+00 9.197423491674768803e-01 9.197488523983989861e-01 2.652144506641817223e+00 1.530168029310286393e+01 1.533764948106922610e+01 1.533765709625335738e+01
1.838883697138029127e+00 9.759928971367622941e-01 9.759997918036226183e-01 2.816726391882049541e+00 1.528835322851915990e+01 1.532966952641933212e+01 1.532967703518385072e+01
1.846635249326216588e+00 1.032010649200570507e+00 1.032017932644187841e+00 2.981081728737092540e+00 1.527410491648017299e+01 1.532126546273918599e+01 1.532127285982044462e+01
1.854386801636878079e+00 1.087779470621881961e+00 1.087787140045913592e+00 3.145193663384199922e+00 1.525891676134119379e+01 1.531244778489318392e+01 1.531245506523929301e+01
1.862138353825065096e+00 1.143282834655120483e+00 1.143290887128682876e+00 3.309044787140278832e+00 1.524276949996665920e+01 1.530322758176089160e+01 1.530323474054903521e+01
1.869889906013252556e+00 1.198503814294586522e+00 1.198512246754946053e+00 3.472617136261204607e+00 1.522564325960739495e+01 1.529361653303091195e+01 1.529362356568517356e+01
1.877641458201439573e+00 1.253425066512929620e+00 1.253433875768230177e+00 3.635892167638964612e+00 1.520751761985225237e+01 1.528362690688652314e+01 1.528363380909649294e+01
1.885393010512101508e+00 1.308028823143808639e+00 1.308038005875651555e+00 3.798850751837396622e+00 1.518837167461858684e+01 1.527327155628432287e+01 1.527327832402460217e+01
1.893144562700288525e+00 1.362296878016291624e+00 1.362306430782140643e+00 3.961473152408110376e+00 1.516818409728457340e+01 1.526256391558069225e+01 1.526257054513145661e+01
1.900896114888475541e+00 1.416210584218858370e+00 1.416220503454761248e+00 4.123739032617506517e+00 1.514693320401099719e+01 1.525151799483708537e+01 1.525152448280591955e+01
1.908647667076663001e+00 1.469750844305632853e+00 1.469761126328338552e+00 4.285627437995515265e+00 1.512459702117297766e+01 1.524014837501060349e+01 1.524015471835571667e+01
1.916399219264850018e+00 1.522898106464786849e+00 1.522908747474057467e+00 4.447116793227444020e+00 1.510115335229425959e+01 1.522847020152001640e+01 1.522847639757509519e+01
1.924150771575511953e+00 1.575632362360432026e+00 1.575643358441037201e+00 4.608184900335426271e+00 1.507657984577742205e+01 1.521649917689495979e+01 1.521650522339573186e+01
1.931902323763698970e+00 1.627933142591497795e+00 1.627944489715085874e+00 4.768808925310696445e+00 1.505085406543218873e+01 1.520425155341783174e+01 1.520425744853054084e+01
1.939653875951886208e+00 1.679779522316843021e+00 1.679791216343728300e+00 4.928965411168105604e+00 1.502395355789140297e+01 1.519174412283391362e+01 1.519174986518594217e+01
1.947405428140073225e+00 1.731150120445199780e+00 1.731162157125758938e+00 5.088630266308386219e+00 1.499585592466598882e+01 1.517899420683693812e+01 1.517899979554960410e+01
1.955156980450734938e+00 1.782023105768291593e+00 1.782035480744310396e+00 5.247778768642756830e+00 1.496653889261088111e+01 1.516601964521877832e+01 1.516602507994249649e+01
1.962908532638922177e+00 1.832376200281111256e+00 1.832388909086848816e+00 5.406385554842279895e+00 1.493598038797582284e+01 1.515283878396763839e+01 1.515284406491938718e+01
1.970660084827109415e+00 1.882186692623157409e+00 1.882199730686076489e+00 5.564424634633303945e+00 1.490415860677529558e+01 1.513947045996461860e+01 1.513947558796775539e+01
1.978411637015296654e+00 1.931431445621675680e+00 1.931444808263115265e+00 5.721869379472753536e+00 1.487105209090289648e+01 1.512593398630152741e+01 1.512593896282764483e+01
1.986163189325958367e+00 1.980086910835305192e+00 1.980100593270772480e+00 5.878692525385903700e+00 1.483663980276362260e+01 1.511224913485781762e+01 1.511225396207023408e+01
1.993914741514145383e+00 2.028129140717291001e+00 2.028143138056550665e+00 6.034866159518919027e+00 1.480090120476712023e+01 1.509843611858595835e+01 1.509844079938415184e+01
2.001666293702332400e+00 2.075533810764078169e+00 2.075548118010873466e+00 6.190361729491403509e+00 1.476381633540829874e+01 1.508451556997897391e+01 1.508452010804280086e+01
2.009417845890519416e+00 2.122276236316561260e+00 2.122290848368397764e+00 6.345150025319370002e+00 1.472536589329816259e+01 1.507050851997557572e+01 1.507051291980772945e+01
2.017169398201181352e+00 2.168331396331958594e+00 2.168346307979224896e+00 6.499201172742624877e+00 1.468553132101565240e+01 1.505643637377547783e+01 1.505644064073990940e+01
2.024920950389368368e+00 2.213673955183156128e+00 2.213689161108378656e+00 6.652484607560627872e+00 1.464429489658496841e+01 1.504232088613288276e+01 1.504232502648642900e+01
2.032672502577555829e+00 2.258278294174409506e+00 2.258293788951076131e+00 6.804969068840859947e+00 1.460163982349464007e+01 1.502818413251988261e+01 1.502818815343330527e+01
2.040424054765742845e+00 2.302118538236226364e+00 2.302134316327475005e+00 6.956622561003698024e+00 1.455755033301215207e+01 1.501404848056033536e+01 1.501405239012452064e+01
2.048175607076404336e+00 2.345168589427074846e+00 2.345184645184185790e+00 7.107412322122887538e+00 1.451201179011808051e+01 1.499993655813789140e+01 1.499994036535038688e+01
2.055927159264591797e+00 2.387402158796621876e+00 2.387418486457407507e+00 7.257304767638854237e+00 1.446501081293351554e+01 1.498587122081738876e+01 1.498587493554416561e+01
2.063678711452778813e+00 2.428792807505596674e+00 2.428809401192554063e+00 7.406265445308186202e+00 1.441653539637419357e+01 1.497187551499351521e+01 1.497187914790142926e+01
2.071430263640966274e+00 2.469313983571693072e+00 2.469330837290141023e+00 7.554258950894696234e+00 1.436657505715215954e+01 1.495797264121944181e+01 1.495797620367590675e+01
2.079181815951627765e+00 2.508939065060432849e+00 2.508956172696558795e+00 7.701248839184749784e+00 1.431512099196903343e+01 1.494418591415599806e+01 1.494418941809459334e+01
2.086933368139814782e+00 2.547641401834118025e+00 2.547658757152991171e+00 7.847197497749990980e+00 1.426216626235440721e+01 1.493053872180212061e+01 1.493054217955564589e+01
2.094684920328002242e+00 2.585394365835365527e+00 2.585411962478896264e+00 7.992066015205919527e+00 1.420770599854118466e+01 1.491705448055374283e+01 1.491705790465969272e+01
2.102436472516189259e+00 2.622171397297665685e+00 2.622189228782771941e+00 8.135813990669305440e+00 1.415173764540499768e+01 1.490375659050006796e+01 1.490375999348685276e+01
2.110188024826851194e+00 2.657946056767845455e+00 2.657964116484475170e+00 8.278399312858802261e+00 1.409426124601973918e+01 1.489066838754746769e+01 1.489067178171243633e+01
2.117939577015038211e+00 2.692692075675035657e+00 2.692710356884589373e+00 8.419777870311056844e+00 1.403527978417374555e+01 1.487781309500485882e+01 1.487781649219647129e+01
2.125691129203225227e+00 2.726383414380529224e+00 2.726401910214229840e+00 8.559903214535982130e+00 1.397479958556205659e+01 1.486521377142646294e+01 1.486521718284276616e+01
2.133442681391412243e+00 2.758994316242512124e+00 2.759013019700156111e+00 8.698726112570826174e+00 1.391283081424794688e+01 1.485289325897965895e+01 1.485289669499333876e+01
2.141194233579599260e+00 2.790499366036675699e+00 2.790518269985629463e+00 8.836193998624084500e+00 1.384938807493749735e+01 1.484087412937816630e+01 1.484087759939527551e+01
2.148945785890260751e+00 2.820873549579916872e+00 2.820892646754418198e+00 8.972250281571712449e+00 1.378449115721416796e+01 1.482917862861941316e+01 1.482918214097530019e+01
2.156697338078447768e+00 2.850092312066665023e+00 2.850111595067483794e+00 9.106833455428491320e+00 1.371816596928779219e+01 1.481782862161023395e+01 1.481783218350279263e+01
2.164448890266634784e+00 2.878131622032252590e+00 2.878151083326792925e+00 9.239875988297624687e+00 1.365044570247907885e+01 1.480684553413619930e+01 1.480684915159361381e+01
2.172200442454821800e+00 2.904968031083599023e+00 2.904987663006490806e+00 9.371302870116098305e+00 1.358137232360858171e+01 1.479625029610651410e+01 1.479625397398486975e+01
2.179951994765483292e+00 2.930578736758763458e+00 2.930598531512901062e+00 9.501029748846276490e+00 1.351099848351387323e+01 1.478606328338441323e+01 1.478606702538965934e+01
2.187703546953670308e+00 2.954941642915171585e+00 2.954961592573291718e+00 9.628960485668969227e+00 1.343938999875372176e+01 1.477630426054663282e+01 1.477630806927515295e+01
2.195455099141857325e+00 2.978035423846042473e+00 2.978055520352891783e+00 9.754983961411822335e+00 1.336662908934808591e+01 1.476699232227358927e+01 1.476699619926615803e+01
2.203206651330044785e+00 2.999839583706129353e+00 2.999859818881230655e+00 9.878969811771668219e+00 1.329281867622676216e+01 1.475814583689272297e+01 1.475814978269726296e+01
2.210958203640706277e+00 3.020334517343540970e+00 3.020354882884538572e+00 1.000076272603489969e+01 1.321808811858057986e+01 1.474978238982958700e+01 1.474978640406921038e+01
2.218709755828893737e+00 3.039501567824758776e+00 3.039522055311377091e+00 1.012017471890235853e+01 1.314260097141753469e+01 1.474191872904712497e+01 1.474192281049053754e+01
2.226461308017080754e+00 3.057323085522885453e+00 3.057343686421585716e+00 1.023697459667682708e+01 1.306656555405469078e+01 1.473457071067644897e+01 1.473457485730887484e+01
2.234212860205267770e+00 3.073782481939234312e+00 3.073803187608468601e+00 1.035087342334935023e+01 1.299024950913371335e+01 1.472775324781746065e+01 1.472775745691061111e+01
2.241964412515929705e+00 3.088864283044137959e+00 3.088885084740211617e+00 1.046150438138992200e+01 1.291399996914971027e+01 1.472148026074676785e+01 1.472148452892708015e+01
2.249715964704116722e+00 3.102554178419520081e+00 3.102575067303088741e+00 1.056839474494369036e+01 1.283827160507340004e+01 1.471576463024972448e+01 1.471576895356438364e+01
2.257467516892303738e+00 3.114839069720235276e+00 3.114860036863388082e+00 1.067092703503819884e+01 1.276366549625298852e+01 1.471061815279865748e+01 1.471062252677920057e+01
2.265219069080490755e+00 3.125707113361166467e+00 3.125728149755087504e+00 1.076828591087949683e+01 1.269098225665296198e+01 1.470605149987258820e+01 1.470605591959616198e+01
2.272970621391152246e+00 3.135147760889604562e+00 3.135168857452736102e+00 1.085938817402433543e+01 1.262129204923375525e+01 1.470207418014840961e+01 1.470207864029671008e+01
2.280722173579339707e+00 3.143151794429913881e+00 3.143172942016637883e+00 1.094279761819531060e+01 1.255601975041929386e+01 1.469869450581194847e+01 1.469869900072813351e+01
2.288473725767526723e+00 3.149711359366961894e+00 3.149732548776627450e+00 1.101663961366757682e+01 1.249703038124115473e+01 1.469591956222126861e+01 1.469592408596506949e+01
2.296225277955714184e+00 3.154819991046629024e+00 3.154841213033103831e+00 1.107855959347768149e+01 1.244667063114379602e+01 1.469375518240877732e+01 1.469375972881008430e+01
2.303976830266375675e+00 3.158472637627780966e+00 3.158493882909143124e+00 1.112581661776439468e+01 1.240767530345196867e+01 1.469220592563563343e+01 1.469221048834683963e+01
2.311728382454563135e+00 3.160665677671733675e+00 3.160686936940363179e+00 1.115563443474761840e+01 1.238281626118386036e+01 1.469127506068930877e+01 1.469127963323671082e+01
2.319479934642750152e+00 3.161396933300774315e+00 3.161418197233559990e+00 1.116585029066611767e+01 1.237425362308279553e+01 1.469096455364678633e+01 1.469096912948127986e+01
