    0.000000   186.577100   186.577100   376.977100   376.977100   473.336100   473.336100
    0.016836   186.297800   186.297800   377.158000   377.158000   473.286200   473.286200
    0.033672   185.467000   185.467000   377.695200   377.695200   473.136700   473.136700
    0.050508   184.105900   184.105900   378.572900   378.572900   472.889100   472.889100
    0.067344   182.248400   182.248400   379.765900   379.765900   472.545500   472.545500
    0.084179   179.939400   179.939400   381.241500   381.241500   472.109200   472.109200
    0.101015   177.233200   177.233200   382.961100   382.961100   471.584700   471.584700
    0.117851   174.191300   174.191300   384.882400   384.882400   470.977300   470.977300
    0.134687   170.880600   170.880600   386.960800   386.960800   470.294100   470.294100
    0.151523   167.372000   167.372000   389.150900   389.150900   469.543700   469.543700
    0.168359   163.739600   163.739600   391.407100   391.407100   468.736600   468.736600
    0.185195   160.059200   160.059200   393.684300   393.684300   467.885300   467.885300
    0.202031   156.408000   156.408000   395.937900   395.937900   467.005000   467.005000
    0.218866   152.863400   152.863400   398.124000   398.124000   466.113500   466.113500
    0.235702   149.502600   149.502600   400.198700   400.198700   465.231500   465.231500
    0.252538   146.401000   146.401000   402.118600   402.118600   464.383000   464.383000
    0.269374   143.630900   143.630900   403.840600   403.840600   463.594200   463.594200
    0.286210   141.259300   141.259300   405.322700   405.322700   462.893600   462.893600
    0.303046   139.346100   139.346100   406.525200   406.525200   462.310000   462.310000
    0.319882   137.941300   137.941300   407.413000   407.413000   461.870100   461.870100
    0.336718   137.082600   137.082600   407.957900   407.957900   461.596200   461.596200
    0.353553   136.793700   136.793700   408.141600   408.141600   461.503200   461.503200
    0.365339   136.733600   136.733600   403.644900   412.537700   461.550100   461.550100
    0.377124   136.553500   136.553500   399.048200   416.832400   461.690700   461.690700
    0.388909   136.253900   136.253900   394.352300   421.025300   461.924200   461.924200
    0.400694   135.835800   135.835800   389.557800   425.115800   462.249300   462.249300
    0.412479   135.300500   135.300500   384.665500   429.103500   462.664300   462.664300
    0.424264   134.649600   134.649600   379.676400   432.987900   463.166900   463.166900
    0.436049   133.884900   133.884900   374.591200   436.768800   463.754600   463.754600
    0.447834   133.008800   133.008800   369.410800   440.445900   464.424300   464.424300
    0.459619   132.023600   132.023600   364.136100   444.019100   465.172600   465.172600
    0.471405   130.932100   130.932100   358.768100   447.488100   465.995800   465.995800
    0.483190   129.737100   129.737100   353.307700   450.853200   466.889700   466.889700
    0.494975   128.441700   128.441700   347.755800   454.114200   467.850200   467.850200
    0.506760   127.049000   127.049000   342.113600   457.271500   468.872600   468.872600
    0.518545   125.562300   125.562300   336.381900   460.325300   469.952400   469.952400
    0.530330   123.984900   123.984900   330.561900   463.276000   471.084600   471.084600
    0.542115   122.320000   122.320000   324.654500   466.124100   472.264500   472.264500
    0.553900   120.571100   120.571100   318.660800   468.870100   473.486900   473.486900
    0.565685   118.741400   118.741400   312.581900   471.514800   474.746900   474.746900
    0.577471   116.834200   116.834200   306.419000   474.059000   476.039600   476.039600
    0.589256   114.852600   114.852600   300.173200   476.503700   477.359900   477.359900
    0.601041   112.799900   112.799900   293.845500   478.702900   478.702900   478.849800
    0.612826   110.679000   110.679000   287.437300   480.064000   480.064000   481.098600
    0.624611   108.492800   108.492800   280.949600   481.438200   481.438200   483.251300
    0.636396   106.244100   106.244100   274.383800   482.821200   482.821200   485.309300
    0.648181   103.935600   103.935600   267.741100   484.208400   484.208400   487.274000
    0.659966   101.569900   101.569900   261.022800   485.595700   485.595700   489.147200
    0.671751    99.149300    99.149300   254.230200   486.978800   486.978800   490.930500
    0.683537    96.676300    96.676300   247.364700   488.353800   488.353800   492.625600
    0.695322    94.153000    94.153000   240.427800   489.717100   489.717100   494.234600
    0.707107    91.581500    91.581500   233.420900   491.064900   491.064900   495.759400
    0.718892    88.963700    88.963700   226.345400   492.394000   492.394000   497.202100
    0.730677    86.301700    86.301700   219.203000   493.701200   493.701200   498.564800
    0.742462    83.597100    83.597100   211.995200   494.983400   494.983400   499.849800
    0.754247    80.851800    80.851800   204.723800   496.237900   496.237900   501.059400
    0.766032    78.067300    78.067300   197.390200   497.462000   497.462000   502.195900
    0.777817    75.245200    75.245200   189.996500   498.653300   498.653300   503.261700
    0.789603    72.387000    72.387000   182.544200   499.809400   499.809400   504.259300
    0.801388    69.494300    69.494300   175.035400   500.928400   500.928400   505.191100
    0.813173    66.568500    66.568500   167.472000   502.008200   502.008200   506.059500
    0.824958    63.611000    63.611000   159.855800   503.047200   503.047200   506.867100
    0.836743    60.623200    60.623200   152.189000   504.043500   504.043500   507.616400
    0.848528    57.606500    57.606500   144.473700   504.995900   504.995900   508.309700
    0.860313    54.562300    54.562300   136.712000   505.903000   505.903000   508.949400
    0.872098    51.491900    51.491900   128.906100   506.763400   506.763400   509.538100
    0.883883    48.396800    48.396800   121.058200   507.576200   507.576200   510.077900
    0.895669    45.278400    45.278400   113.170800   508.340400   508.340400   510.571200
    0.907454    42.138000    42.138000   105.246200   509.055000   509.055000   511.020000
    0.919239    38.977100    38.977100    97.286800   509.719400   509.719400   511.426500
    0.931024    35.797200    35.797200    89.295000   510.332800   510.332800   511.792700
    0.942809    32.599700    32.599700    81.273500   510.894600   510.894600   512.120400
    0.954594    29.386200    29.386200    73.224700   511.404300   511.404300   512.411400
    0.966379    26.158100    26.158100    65.151300   511.861500   511.861500   512.667200
    0.978164    22.917100    22.917100    57.055900   512.265700   512.265700   512.889400
    0.989949    19.664600    19.664600    48.941200   512.616700   512.616700   513.079200
    1.001735    16.402300    16.402300    40.809800   512.914100   512.914100   513.237800
    1.013520    13.131700    13.131700    32.664600   513.157700   513.157700   513.366200
    1.025305     9.854600     9.854600    24.508200   513.347300   513.347300   513.465200
    1.037090     6.572500     6.572500    16.343500   513.482900   513.482900   513.535500
    1.048875     3.287100     3.287100     8.173100   513.564300   513.564300   513.577500
    1.060660    -0.000000     0.000000     0.000000   513.591400   513.591400   513.591400
    1.072667     2.982600     2.982600     8.601600   513.561400   513.571000   513.571000
    1.084675     5.963600     5.963600    17.201700   513.471200   513.509900   513.509900
    1.096682     8.941500     8.941500    25.798900   513.320600   513.408100   513.408100
    1.108689    11.914800    11.914800    34.391600   513.108800   513.266100   513.266100
    1.120697    14.881900    14.881900    42.978300   512.835100   513.084200   513.084200
    1.132704    17.841100    17.841100    51.557300   512.498400   512.862900   512.862900
    1.144711    20.790800    20.790800    60.127100   512.097500   512.602900   512.602900
    1.156719    23.729300    23.729300    68.686000   511.630800   512.305000   512.305000
    1.168726    26.654900    26.654900    77.232100   511.096700   511.969900   511.969900
    1.180733    29.565700    29.565700    85.763600   510.493300   511.598600   511.598600
    1.192741    32.459900    32.459900    94.278600   509.818600   511.192300   511.192300
    1.204748    35.335600    35.335600   102.775000   509.070300   510.752200   510.752200
    1.216755    38.190700    38.190700   111.250700   508.246200   510.279600   510.279600
    1.228762    41.023200    41.023200   119.703400   507.343900   509.775800   509.775800
    1.240770    43.831000    43.831000   128.130800   506.360700   509.242600   509.242600
    1.252777    46.611700    46.611700   136.530500   505.294000   508.681500   508.681500
    1.264784    49.363100    49.363100   144.899800   504.141100   508.094200   508.094200
    1.276792    52.082700    52.082700   153.236000   502.899300   507.482800   507.482800
    1.288799    54.768000    54.768000   161.536400   501.565800   506.849100   506.849100
    1.300806    57.416500    57.416500   169.797900   500.137800   506.195300   506.195300
    1.312814    60.025500    60.025500   178.017600   498.612600   505.523500   505.523500
    1.324821    62.592100    62.592100   186.192200   496.987300   504.836100   504.836100
    1.336828    65.113600    65.113600   194.318500   495.259500   504.135400   504.135400
    1.348835    67.587000    67.587000   202.393000   493.426400   503.423800   503.423800
    1.360843    70.009300    70.009300   210.412200   491.485700   502.704000   502.704000
    1.372850    72.377500    72.377500   218.372500   489.434900   501.978500   501.978500
    1.384857    74.688400    74.688400   226.269900   487.271800   501.250100   501.250100
    1.396865    76.938900    76.938900   234.100700   484.994600   500.521500   500.521500
    1.408872    79.125600    79.125600   241.860600   482.601300   499.795400   499.795400
    1.420879    81.245500    81.245500   249.545500   480.090400   499.074800   499.074800
    1.432887    83.295100    83.295100   257.151000   477.460700   498.362500   498.362500
    1.444894    85.271200    85.271200   264.672300   474.711300   497.661400   497.661400
    1.456901    87.170500    87.170500   272.104600   471.841700   496.974300   496.974300
    1.468908    88.989700    88.989700   279.442600   468.851900   496.304300   496.304300
    1.480916    90.725600    90.725600   286.680800   465.742400   495.654100   495.654100
    1.492923    92.375000    92.375000   293.813100   462.514600   495.026500   495.026500
    1.504930    93.934900    93.934900   300.832500   459.170600   494.424400   494.424400
    1.516938    95.402000    95.402000   307.731300   455.713700   493.850500   493.850500
    1.528945    96.773700    96.773700   314.500500   452.148900   493.307200   493.307200
    1.540952    98.046900    98.046900   321.129400   448.483000   492.797300   492.797300
    1.552960    99.219100    99.219100   327.604400   444.725900   492.322900   492.322900
    1.564967   100.287800   100.287800   333.908400   440.891200   491.886500   491.886500
    1.576974   101.250600   101.250600   340.018600   436.998800   491.490000   491.490000
    1.588981   102.105500   102.105500   345.903500   433.077600   491.135400   491.135400
    1.600989   102.850400   102.850400   351.517700   429.170100   490.824500   490.824500
    1.612996   103.483600   103.483600   356.794200   425.341500   490.558700   490.558700
    1.625003   104.003800   104.003800   361.630600   421.692300   490.339400   490.339400
    1.637011   104.409600   104.409600   365.869200   418.378600   490.167700   490.167700
    1.649018   104.700200   104.700200   369.274700   415.634500   490.044400   490.044400
    1.661025   104.874900   104.874900   371.533700   413.772700   489.970200   489.970200
    1.673033   104.933100   104.933100   372.333300   413.105700   489.945400   489.945400
    1.721145   105.384500   110.165900   371.465100   412.826800   489.533500   489.786600
    1.769258   106.716700   124.216800   368.949700   412.006900   488.324100   489.297500
    1.817370   108.860700   143.619300   365.082000   410.687800   486.395100   488.445900
    1.865483   111.694100   165.029900   360.447900   408.915100   483.875600   487.195800
    1.913595   115.034700   185.606300   356.071900   406.710000   480.942800   485.534000
    1.961708   118.638600   202.634900   353.553800   404.050600   477.817400   483.501900
    2.009820   122.206600   213.458700   354.812700   400.901400   474.753800   481.226700
    2.057933   125.401300   216.399200   360.759000   397.436700   472.025000   478.936500
    2.106045   127.873600   211.874600   368.898300   395.245300   469.900600   476.942000
