    0.000000    -0.000000    -0.000000     0.000000    15.397087    15.397087    15.397087
    0.011785     0.164403     0.164403     0.258874    15.395792    15.395792    15.396676
    0.023570     0.328546     0.328546     0.517631    15.391901    15.391901    15.395438
    0.035355     0.492178     0.492178     0.776145    15.385428    15.385428    15.393364
    0.047140     0.655041     0.655041     1.034302    15.376378    15.376378    15.390423
    0.058926     0.816878     0.816878     1.291980    15.364770    15.364770    15.386591
    0.070711     0.977429     0.977429     1.549058    15.350619    15.350619    15.381825
    0.082496     1.136439     1.136439     1.805423    15.333957    15.333957    15.376081
    0.094281     1.293653     1.293653     2.060954    15.314809    15.314809    15.369299
    0.106066     1.448813     1.448813     2.315532    15.293212    15.293212    15.361424
    0.117851     1.601663     1.601663     2.569039    15.269211    15.269211    15.352382
    0.129636     1.751946     1.751946     2.821366    15.242850    15.242850    15.342105
    0.141421     1.899405     1.899405     3.072391    15.214187    15.214187    15.330518
    0.153206     2.043785     2.043785     3.322004    15.183290    15.183290    15.317534
    0.164992     2.184837     2.184837     3.570094    15.150223    15.150223    15.303072
    0.176777     2.322307     2.322307     3.816548    15.115072    15.115072    15.287045
    0.188562     2.455942     2.455942     4.061260    15.077925    15.077925    15.269370
    0.200347     2.585504     2.585504     4.304119    15.038877    15.038877    15.249955
    0.212132     2.710739     2.710742     4.545026    14.998039    14.998039    15.228715
    0.223917     2.831421     2.831421     4.783877    14.955526    14.955526    15.205565
    0.235702     2.947305     2.947305     5.020575    14.911462    14.911462    15.180421
    0.247487     3.058175     3.058175     5.255025    14.865990    14.865990    15.153203
    0.259272     3.163810     3.163810     5.487130    14.819249    14.819249    15.123838
    0.271058     3.264000     3.264000     5.716807    14.771396    14.771396    15.092246
    0.282843     3.358552     3.358552     5.943972    14.722593    14.722593    15.058367
    0.294628     3.447278     3.447278     6.168543    14.673007    14.673007    15.022134
    0.306413     3.530012     3.530012     6.390444    14.622819    14.622819    14.983490
    0.318198     3.606600     3.606600     6.609607    14.572208    14.572208    14.942389
    0.329983     3.676917     3.676917     6.825967    14.521360    14.521360    14.898781
    0.341768     3.740847     3.740847     7.039462    14.470461    14.470461    14.852628
    0.353553     3.798309     3.798309     7.250039    14.419707    14.419707    14.803903
    0.365339     3.849243     3.849243     7.457651    14.369281    14.369281    14.752578
    0.377124     3.893625     3.893625     7.662251    14.319372    14.319372    14.698634
    0.388909     3.931461     3.931461     7.863807    14.270161    14.270161    14.642057
    0.400694     3.962790     3.962790     8.062285    14.221822    14.221822    14.582845
    0.412479     3.987694     3.987694     8.257666    14.174527    14.174527    14.520994
    0.424264     4.006293     4.006293     8.449926    14.128431    14.128431    14.456509
    0.436049     4.018749     4.018749     8.639056    14.083681    14.083681    14.389401
    0.447834     4.025270     4.025270     8.825050    14.040409    14.040409    14.319681
    0.459619     4.026109     4.026109     9.007909    13.998741    13.998741    14.247371
    0.471405     4.021564     4.021564     9.187637    13.958782    13.958782    14.172489
    0.483190     4.011983     4.011983     9.364251    13.920621    13.920621    14.095061
    0.494975     3.997761     3.997761     9.537762    13.884340    13.884340    14.015116
    0.506760     3.979335     3.979335     9.708197    13.849996    13.849996    13.932673
    0.518545     3.957190     3.957190     9.875580    13.817636    13.817636    13.847768
    0.530330     3.931848     3.931848    10.039947    13.760430    13.787303    13.787303
    0.542115     3.903872     3.903872    10.201326    13.670684    13.759012    13.759012
    0.553900     3.873859     3.873859    10.359763    13.578558    13.732774    13.732774
    0.565685     3.842432     3.842432    10.515292    13.484081    13.708593    13.708593
    0.577471     3.810234     3.810234    10.667965    13.387272    13.686462    13.686462
    0.589256     3.777926     3.777926    10.817822    13.288155    13.666367    13.666367
    0.601041     3.746163     3.746163    10.964912    13.186747    13.648286    13.648286
    0.612826     3.715599     3.715599    11.109286    13.083064    13.632203    13.632203
    0.624611     3.686870     3.686873    11.250989    12.977114    13.618088    13.618088
    0.636396     3.660581     3.660581    11.390066    12.868901    13.605917    13.605917
    0.648181     3.637284     3.637284    11.526571    12.758430    13.595670    13.595670
    0.659966     3.617486     3.617486    11.660542    12.645699    13.587318    13.587318
    0.671751     3.601615     3.601618    11.792025    12.530699    13.580845    13.580845
    0.683537     3.590022     3.590022    11.921062    12.413417    13.576234    13.576234
    0.695322     3.582959     3.582959    12.047685    12.293836    13.573470    13.573470
    0.707107     3.580587     3.580587    12.171934    12.171934    13.572550    13.572550
    0.715440     3.581478     3.585045    12.169245    12.170474    13.572781    13.574513
    0.723773     3.584140     3.598380    12.161228    12.166100    13.573464    13.580350
    0.732107     3.588556     3.620457    12.148026    12.158833    13.574603    13.589920
    0.740440     3.594704     3.651065    12.129861    12.148700    13.576201    13.603000
    0.748773     3.602544     3.689925    12.107017    12.135743    13.578255    13.619305
    0.757107     3.612032     3.736677    12.079826    12.120019    13.580767    13.638516
    0.765440     3.623107     3.790925    12.048626    12.101594    13.583735    13.660281
    0.773773     3.635707     3.852208    12.013772    12.080548    13.587159    13.684261
    0.782107     3.649761     3.920042    11.975603    12.056976    13.591041    13.710113
    0.790440     3.665186     3.993917    11.934444    12.030984    13.595382    13.737517
    0.798773     3.681890     4.073305    11.890591    12.002695    13.600182    13.766183
    0.807107     3.699788     4.157664    11.844315    11.972239    13.605437    13.795835
    0.815440     3.718774     4.246453    11.795868    11.939775    13.611154    13.826240
    0.823773     3.738746     4.339134    11.745467    11.905463    13.617327    13.857176
    0.832107     3.759596     4.435167    11.693315    11.869485    13.623961    13.888453
    0.840440     3.781220     4.534017    11.639583    11.832047    13.631051    13.919901
    0.848773     3.803498     4.635161    11.584434    11.793365    13.638603    13.951368
    0.857107     3.826318     4.738077    11.528007    11.753672    13.646614    13.982720
    0.865440     3.849564     4.842246    11.470425    11.713227    13.655083    14.013838
    0.873773     3.873125     4.947159    11.411807    11.672309    13.664014    14.044624
    0.882107     3.896877     5.052302    11.352253    11.631210    13.673400    14.074978
    0.890440     3.920717     5.157172    11.291857    11.590259    13.683245    14.104822
    0.898773     3.944520     5.261251    11.230696    11.549793    13.693546    14.134085
    0.907107     3.968183     5.364029    11.168855    11.510178    13.704306    14.162700
    0.915440     3.991591     5.464987    11.106396    11.471805    13.715521    14.190608
    0.923773     4.014639     5.563604    11.043386    11.435077    13.727192    14.217763
    0.932107     4.037222     5.659355    10.979878    11.400427    13.739312    14.244118
    0.940440     4.059236     5.751709    10.915929    11.368295    13.751886    14.269636
    0.948773     4.080587     5.840139    10.851588    11.339143    13.764909    14.294285
    0.957107     4.101174     5.924126    10.786889    11.313433    13.778378    14.318032
    0.965440     4.120909     6.003148    10.721882    11.291632    13.792295    14.340858
    0.973773     4.139700     6.076714    10.656594    11.274196    13.806649    14.362740
    0.982107     4.157469     6.144353    10.591059    11.261563    13.821444    14.383663
    0.990440     4.174129     6.205631    10.525302    11.254140    13.836673    14.403617
    0.998773     4.189604     6.260166    10.459348    11.252296    13.852337    14.422594
    1.007107     4.203823     6.307626    10.393217    11.256350    13.868424    14.440590
    1.015440     4.216714     6.347756    10.326921    11.266543    13.884934    14.457606
    1.023773     4.228217     6.380377    10.260469    11.283055    13.901863    14.473645
    1.032107     4.238263     6.405391    10.193873    11.305980    13.919203    14.488719
    1.040440     4.246804     6.422788    10.127133    11.335327    13.936948    14.502836
    1.048773     4.253780     6.432646    10.060246    11.371023    13.955091    14.516012
    1.057107     4.259141     6.435122     9.993207    11.412913    13.973630    14.528267
    1.065440     4.262846     6.430442     9.926002    11.460769    13.992553    14.539624
    1.073773     4.264852     6.418909     9.858615    11.514300    14.011854    14.550110
    1.082107     4.265119     6.400862     9.791030    11.573161    14.031523    14.559755
    1.090440     4.263614     6.376686     9.723217    11.636969    14.051552    14.568593
    1.098773     4.260304     6.346797     9.655143    11.705313    14.071935    14.576660
    1.107107     4.255165     6.311616     9.586775    11.777764    14.092657    14.584002
    1.115440     4.248174     6.271576     9.518071    11.853884    14.113711    14.590657
    1.123773     4.239309     6.227102     9.448984    11.933242    14.135084    14.596680
    1.132107     4.228553     6.178607     9.379462    12.015415    14.156768    14.602115
    1.140440     4.215890     6.126485     9.309449    12.099987    14.178745    14.607023
    1.148773     4.201314     6.071114     9.238881    12.186570    14.201008    14.611457
    1.157107     4.184816     6.012843     9.167689    12.274790    14.223543    14.615477
    1.165440     4.166394     5.951997     9.095808    12.364293    14.246337    14.619150
    1.173773     4.146041     5.888879     9.023156    12.454752    14.269373    14.622534
    1.182107     4.123763     5.823755     8.949653    12.545865    14.292639    14.625697
    1.190440     4.099564     5.756874     8.875214    12.637344    14.316122    14.628707
    1.198773     4.073449     5.688459     8.799754    12.728931    14.339800    14.631633
    1.207107     4.045431     5.618700     8.723172    12.820379    14.363663    14.634547
    1.215440     4.015514     5.547772     8.645381    12.911468    14.387692    14.637515
    1.223773     3.983721     5.475825     8.566281    13.001997    14.411873    14.640606
    1.232107     3.950064     5.402987     8.485769    13.091778    14.436183    14.643891
    1.240440     3.914562     5.329367     8.403749    13.180643    14.460607    14.647438
    1.248773     3.877235     5.255060     8.320115    13.268437    14.485130    14.651311
    1.257107     3.838106     5.180139     8.234768    13.355017    14.509731    14.655577
    1.265440     3.797202     5.104664     8.147606    13.440260    14.534389    14.660293
    1.273773     3.754545     5.028678     8.058526    13.524049    14.559086    14.665518
    1.282107     3.710161     4.952213     7.967428    13.606282    14.583804    14.671307
    1.290440     3.664085     4.875289     7.874216    13.686870    14.608519    14.677708
    1.298773     3.616343     4.797919     7.778798    13.765727    14.633216    14.684768
    1.307107     3.566971     4.720096     7.681081    13.842783    14.657871    14.692527
    1.315440     3.516000     4.641817     7.580977    13.917977    14.682463    14.701020
    1.323773     3.463461     4.563061     7.478406    13.991249    14.706974    14.710274
    1.332107     3.409391     4.483811     7.373293    14.062561    14.720312    14.731377
    1.340440     3.353830     4.404033     7.265559    14.131867    14.731152    14.755657
    1.348773     3.296810     4.323695     7.155146    14.199140    14.742802    14.779790
    1.357107     3.238368     4.242763     7.041989    14.264351    14.755267    14.803756
    1.365440     3.178547     4.161195     6.926038    14.327487    14.768545    14.827529
    1.373773     3.117381     4.078950     6.807245    14.388531    14.782623    14.851090
    1.382107     3.054910     3.995983     6.685575    14.447479    14.797487    14.874417
    1.390440     2.991177     3.912251     6.560987    14.504332    14.813115    14.897489
    1.398773     2.926218     3.827712     6.433467    14.559086    14.829478    14.920282
    1.407107     2.860072     3.742319     6.302988    14.611760    14.846539    14.942779
    1.415440     2.792780     3.656033     6.169548    14.662359    14.864260    14.964954
    1.423773     2.724383     3.568811     6.033139    14.710901    14.882592    14.986788
    1.432107     2.654921     3.480615     5.893769    14.757411    14.901488    15.008256
    1.440440     2.584431     3.391412     5.751445    14.801909    14.920891    15.029344
    1.448773     2.512954     3.301169     5.606190    14.844429    14.940743    15.050023
    1.457107     2.440527     3.209852     5.458023    14.884997    14.960976    15.070280
    1.465440     2.367195     3.117438     5.306982    14.923649    14.981530    15.090091
    1.473773     2.292990     3.023902     5.153104    14.960421    15.002329    15.109436
    1.482107     2.217952     2.929234     4.996429    14.995350    15.023306    15.128296
    1.490440     2.142120     2.833411     4.837012    15.028480    15.044384    15.146650
    1.498773     2.065529     2.736434     4.674905    15.059848    15.065490    15.164484
    1.507107     1.988218     2.638291     4.510172    15.086544    15.089503    15.181773
    1.515440     1.910221     2.538982     4.342879    15.107473    15.117483    15.198508
    1.523773     1.831571     2.438519     4.173097    15.128197    15.143840    15.214663
    1.532107     1.752305     2.336904     4.000899    15.148640    15.168615    15.230226
    1.540440     1.672459     2.234156     3.826372    15.168726    15.191858    15.245179
    1.548773     1.592066     2.130293     3.649596    15.188378    15.213611    15.259509
    1.557107     1.511152     2.025335     3.470665    15.207519    15.233922    15.273198
    1.565440     1.429759     1.919317     3.289666    15.226086    15.252833    15.286230
    1.573773     1.347909     1.812267     3.106693    15.243998    15.270395    15.298596
    1.582107     1.265640     1.704225     2.921853    15.261197    15.286647    15.310282
    1.590440     1.182978     1.595226     2.735247    15.277611    15.301630    15.321273
    1.598773     1.099954     1.485319     2.546974    15.293179    15.315391    15.331556
    1.607107     1.016594     1.374555     2.357149    15.307842    15.327958    15.341125
    1.615440     0.932930     1.262978     2.165878    15.321548    15.339377    15.349966
    1.623773     0.848986     1.150652     1.973276    15.334242    15.349681    15.358069
    1.632107     0.764792     1.037630     1.779458    15.345877    15.358900    15.365429
    1.640440     0.680373     0.923976     1.584538    15.356405    15.367066    15.372034
    1.648773     0.595757     0.809749     1.388636    15.365792    15.374204    15.377880
    1.657107     0.510966     0.695021     1.191870    15.374000    15.380341    15.382958
    1.665440     0.426029     0.579859     0.994364    15.381000    15.385497    15.387266
    1.673773     0.340969     0.464328     0.796237    15.386762    15.389691    15.390798
    1.682107     0.255813     0.348506     0.597612    15.391268    15.392935    15.393547
    1.690440     0.170582     0.232462     0.398616    15.394497    15.395246    15.395513
    1.698773     0.085303     0.116269     0.199371    15.396440    15.396629    15.396694
    1.707107    -0.000000    -0.000000     0.000000    15.397087    15.397087    15.397087
    1.714858     0.089971     0.089971     0.190254    15.396617    15.396674    15.396674
    1.722610     0.179852     0.179852     0.380443    15.395202    15.395432    15.395432
    1.730361     0.269552     0.269552     0.570505    15.392839    15.393367    15.393367
    1.738113     0.358984     0.358984     0.760379    15.389526    15.390480    15.390480
    1.745865     0.448052     0.448052     0.949998    15.385263    15.386783    15.386783
    1.753616     0.536677     0.536677     1.139299    15.380035    15.382277    15.382277
    1.761368     0.624762     0.624762     1.328225    15.373841    15.376980    15.376980
    1.769119     0.712220     0.712220     1.516710    15.366670    15.370900    15.370900
    1.776871     0.798965     0.798965     1.704692    15.358513    15.364053    15.364053
    1.784622     0.884913     0.884913     1.892117    15.349357    15.356450    15.356450
    1.792374     0.969973     0.969973     2.078917    15.339191    15.348113    15.348113
    1.800125     1.054065     1.054065     2.265041    15.328003    15.339062    15.339062
    1.807877     1.137098     1.137098     2.450429    15.315780    15.329313    15.329313
    1.815628     1.218998     1.218998     2.635021    15.302503    15.318892    15.318892
    1.823380     1.299679     1.299679     2.818766    15.288161    15.307821    15.307821
    1.831132     1.379061     1.379061     3.001607    15.272736    15.296129    15.296129
    1.838883     1.457070     1.457070     3.183494    15.256215    15.283838    15.283838
    1.846635     1.533625     1.533625     3.364377    15.238578    15.270979    15.270979
    1.854386     1.608654     1.608654     3.544198    15.219808    15.257585    15.257585
    1.862138     1.682082     1.682082     3.722917    15.199887    15.243680    15.243680
    1.869889     1.753843     1.753843     3.900484    15.178802    15.229299    15.229299
    1.877641     1.823869     1.823869     4.076855    15.156534    15.214481    15.214481
    1.885392     1.892093     1.892096     4.251985    15.133066    15.199251    15.199251
    1.893144     1.958455     1.958455     4.425834    15.108384    15.183647    15.183647
    1.900896     2.022892     2.022892     4.598362    15.082467    15.167707    15.167707
    1.908647     2.085354     2.085354     4.769528    15.055306    15.151464    15.151467
    1.916399     2.145783     2.145783     4.939301    15.026879    15.134961    15.134961
    1.924150     2.204132     2.204132     5.107647    14.997179    15.118226    15.118226
    1.931902     2.260355     2.260355     5.274529    14.966189    15.101303    15.101303
    1.939653     2.314413     2.314413     5.439922    14.933902    15.084230    15.084230
    1.947405     2.366269     2.366269     5.603797    14.900298    15.067040    15.067040
    1.955156     2.415887     2.415887     5.766126    14.865375    15.049772    15.049772
    1.962908     2.463242     2.463242     5.926890    14.829118    15.032465    15.032465
    1.970659     2.508310     2.508310     6.086061    14.791524    15.015152    15.015152
    1.978411     2.551073     2.551073     6.243626    14.752584    14.997871    14.997874
    1.986163     2.591518     2.591518     6.399564    14.712295    14.980660    14.980660
    1.993914     2.629636     2.629636     6.553861    14.670654    14.963548    14.963548
    2.001666     2.665429     2.665429     6.706503    14.627655    14.946574    14.946574
    2.009417     2.698894     2.698897     6.857482    14.583300    14.929765    14.929765
    2.017169     2.730049     2.730049     7.006781    14.537591    14.913153    14.913153
    2.024920     2.758904     2.758907     7.154399    14.490527    14.896769    14.896769
    2.032672     2.785483     2.785483     7.300329    14.442113    14.880644    14.880644
    2.040423     2.809815     2.809815     7.444568    14.392356    14.864800    14.864800
    2.048175     2.831930     2.831930     7.587111    14.341263    14.849261    14.849261
    2.055927     2.851870     2.851870     7.727959    14.288841    14.834056    14.834056
    2.063678     2.869683     2.869683     7.867111    14.235103    14.819201    14.819201
    2.071430     2.885422     2.885422     8.004572    14.180055    14.804718    14.804718
    2.079181     2.899147     2.899147     8.140339    14.123718    14.790628    14.790628
    2.086933     2.910923     2.910923     8.274424    14.066101    14.776945    14.776945
    2.094684     2.920819     2.920819     8.406824    14.007225    14.763680    14.763680
    2.102436     2.928916     2.928916     8.537549    13.947105    14.750851    14.750851
    2.110187     2.935296     2.935296     8.666604    13.885764    14.738467    14.738467
    2.117939     2.940047     2.940047     8.793992    13.823221    14.726538    14.726538
    2.125690     2.943267     2.943267     8.919716    13.759506    14.715071    14.715071
    2.133442     2.945048     2.945048     9.043785    13.694646    14.704069    14.704069
    2.141194     2.945498     2.945498     9.166199    13.628665    14.693543    14.693543
    2.148945     2.944724     2.944724     9.286958    13.561601    14.683491    14.683491
    2.156697     2.942839     2.942839     9.406060    13.493486    14.673919    14.673919
    2.164448     2.939952     2.939952     9.523498    13.424362    14.664823    14.664823
    2.172200     2.936183     2.936183     9.639260    13.354280    14.656207    14.656207
    2.179951     2.931650     2.931650     9.753334    13.283283    14.648065    14.648065
    2.187703     2.926479     2.926479     9.865690    13.211438    14.640399    14.640399
    2.195454     2.920783     2.920783     9.976292    13.138813    14.633207    14.633207
    2.203206     2.914685     2.914685    10.085096    13.065493    14.626482    14.626482
    2.210958     2.908305     2.908305    10.192026    12.991579    14.620220    14.620220
    2.218709     2.901761     2.901761    10.296995    12.917191    14.614419    14.614419
    2.226461     2.895169     2.895169    10.399878    12.842492    14.609071    14.609071
    2.234212     2.888636     2.888636    10.500504    12.767676    14.604175    14.604175
    2.241964     2.882274     2.882274    10.598641    12.693000    14.599726    14.599726
    2.249715     2.876183     2.876186    10.693978    12.618811    14.595715    14.595715
    2.257467     2.870460     2.870460    10.786074    12.545568    14.592144    14.592144
    2.265218     2.865186     2.865186    10.874312    12.473909    14.589002    14.589002
    2.272970     2.860450     2.860450    10.957828    12.404723    14.586286    14.586286
    2.280721     2.856312     2.856315    11.035388    12.339257    14.583999    14.583999
    2.288473     2.852844     2.852847    11.105251    12.279269    14.582128    14.582128
    2.296225     2.850092     2.850095    11.165021    12.227165    14.580677    14.580677
    2.303976     2.848098     2.848098    11.211612    12.186042    14.579643    14.579643
    2.311728     2.846890     2.846890    11.241570    12.159364    14.579022    14.579022
    2.319479     2.846485     2.846485    11.251952    12.150076    14.578815    14.578815
