    0.000000     0.000000     0.000000     0.000000    15.397087    15.397087    15.397087
    0.011785     0.162748     0.162748     0.253391    15.395010    15.395010    15.396688
    0.023570     0.325272     0.325272     0.506664    15.388774    15.388774    15.395477
    0.035355     0.487346     0.487346     0.759707    15.378368    15.378368    15.393406
    0.047140     0.648733     0.648733     1.012405    15.363774    15.363774    15.390393
    0.058926     0.809203     0.809203     1.264660    15.344980    15.344980    15.386340
    0.070711     0.968513     0.968513     1.516372    15.321980    15.321980    15.381126
    0.082496     1.126411     1.126411     1.767454    15.294786    15.294786    15.374621
    0.094281     1.282638     1.282638     2.017829    15.263440    15.263440    15.366691
    0.106066     1.436927     1.436927     2.267424    15.228022    15.228022    15.357200
    0.117851     1.588987     1.588987     2.516180    15.188656    15.188656    15.346033
    0.129636     1.738524     1.738524     2.764036    15.145516    15.145516    15.333082
    0.141421     1.885233     1.885233     3.010939    15.098842    15.098842    15.318266
    0.153206     2.028789     2.028789     3.256838    15.048929    15.048929    15.301531
    0.164992     2.168861     2.168861     3.501676    14.996136    14.996136    15.282845
    0.176777     2.305117     2.305117     3.745395    14.940887    14.940887    15.262202
    0.188562     2.437217     2.437217     3.987933    14.883651    14.883651    15.239624
    0.200347     2.564830     2.564830     4.229215    14.824945    14.824945    15.215149
    0.212132     2.687631     2.687631     4.469163    14.765325    14.765325    15.188836
    0.223917     2.805315     2.805315     4.707687    14.705361    14.705361    15.160749
    0.235702     2.917605     2.917605     4.944682    14.645630    14.645630    15.130958
    0.247487     3.024256     3.024256     5.180043    14.586700    14.586700    15.099531
    0.259272     3.125070     3.125070     5.413654    14.529110    14.529110    15.066527
    0.271058     3.219895     3.219895     5.645381    14.473354    14.473354    15.031991
    0.282843     3.308633     3.308633     5.875103    14.419877    14.419877    14.995956
    0.294628     3.391250     3.391250     6.102688    14.369054    14.369054    14.958428
    0.306413     3.467769     3.467769     6.328003    14.321177    14.321177    14.919392
    0.318198     3.538278     3.538278     6.550920    14.276469    14.276469    14.878815
    0.329983     3.602919     3.602919     6.771315    14.235061    14.235061    14.836643
    0.341768     3.661891     3.661891     6.989073    14.197006    14.197006    14.792798
    0.353553     3.715437     3.715437     7.204084    14.162284    14.162284    14.747197
    0.365339     3.763838     3.763838     7.416253    14.130802    14.130802    14.699740
    0.377124     3.807410     3.807410     7.625493    14.102415    14.102415    14.650316
    0.388909     3.846476     3.846476     7.831732    14.076924    14.076924    14.598824
    0.400694     3.881384     3.881384     8.034908    14.054098    14.054098    14.545155
    0.412479     3.912467     3.912467     8.234971    14.033685    14.033685    14.489207
    0.424264     3.940059     3.940059     8.431881    14.015418    14.015418    14.430892
    0.436049     3.964475     3.964475     8.625613    13.999035    13.999035    14.370124
    0.447834     3.986015     3.986015     8.816155    13.984276    13.984276    14.306841
    0.459619     4.004953     4.004953     9.003493    13.970902    13.970902    14.240979
    0.471405     4.021534     4.021534     9.187631    13.958689    13.958689    14.172498
    0.483190     4.035984     4.035984     9.368580    13.947443    13.947443    14.101363
    0.494975     4.048506     4.048506     9.546351    13.937002    13.937002    14.027554
    0.506760     4.059278     4.059281     9.720968    13.927225    13.927225    13.951050
    0.518545     4.068461     4.068461     9.892458    13.871848    13.918004    13.918004
    0.530330     4.076198     4.076198    10.060846    13.789941    13.909259    13.909259
    0.542115     4.082626     4.082626    10.226166    13.705328    13.900937    13.900937
    0.553900     4.087866     4.087869    10.388450    13.618010    13.893004    13.893004
    0.565685     4.092048     4.092048    10.547733    13.527986    13.885452    13.885452
    0.577471     4.095289     4.095289    10.704051    13.435257    13.878287    13.878287
    0.589256     4.097702     4.097702    10.857440    13.339821    13.871533    13.871533
    0.601041     4.099414     4.099414    11.007927    13.241675    13.865222    13.865222
    0.612826     4.100535     4.100535    11.155547    13.140816    13.859400    13.859400
    0.624611     4.101189     4.101189    11.300329    13.037243    13.854106    13.854106
    0.636396     4.101483     4.101483    11.442296    12.930949    13.849393    13.849393
    0.648181     4.101528     4.101528    11.581469    12.821932    13.845307    13.845307
    0.659966     4.101414     4.101414    11.717865    12.710191    13.841895    13.841895
    0.671751     4.101234     4.101234    11.851501    12.595721    13.839194    13.839194
    0.683537     4.101051     4.101051    11.982384    12.478520    13.837243    13.837243
    0.695322     4.100919     4.100919    12.110522    12.358588    13.836061    13.836061
    0.707107     4.100874     4.100874    12.235922    12.235922    13.835666    13.835666
    0.715440     4.100793     4.106456    12.233065    12.233874    13.835717    13.836793
    0.723773     4.100562     4.123122    12.224521    12.227743    13.835870    13.840157
    0.732107     4.100185     4.150604    12.210370    12.217586    13.836124    13.845703
    0.740440     4.099684     4.188483    12.190746    12.203490    13.836487    13.853350
    0.748773     4.099084     4.236192    12.165839    12.185569    13.836955    13.862989
    0.757107     4.098416     4.293041    12.135884    12.163960    13.837530    13.874480
    0.765440     4.097717     4.358243    12.101174    12.138813    13.838223    13.887680
    0.773773     4.097028     4.430937    12.062039    12.110294    13.839029    13.902433
    0.782107     4.096398     4.510208    12.018869    12.078570    13.839956    13.918567
    0.790440     4.095877     4.595115    11.972089    12.043806    13.841002    13.935931
    0.798773     4.095514     4.684708    11.922162    12.006167    13.842177    13.954357
    0.807107     4.095364     4.778043    11.869593    11.965812    13.843478    13.973696
    0.815440     4.095481     4.874189    11.814917    11.922884    13.844911    13.993803
    0.823773     4.095916     4.972248    11.758706    11.877529    13.846476    14.014540
    0.832107     4.096719     5.071357    11.701542    11.829868    13.848176    14.035780
    0.840440     4.097939     5.170690    11.644035    11.780024    13.850008    14.057407
    0.848773     4.099618     5.269460    11.586805    11.728106    13.851971    14.079313
    0.857107     4.101792     5.366937    11.530480    11.674212    13.854070    14.101390
    0.865440     4.104490     5.462436    11.475675    11.618436    13.856300    14.123554
    0.873773     4.107739     5.555321    11.423010    11.560858    13.858657    14.145711
    0.882107     4.111553     5.645013    11.373071    11.501556    13.861145    14.167788
    0.890440     4.115942     5.730987    11.326426    11.440605    13.863756    14.189706
    0.898773     4.120897     5.812789    11.283595    11.378065    13.866490    14.211402
    0.907107     4.126411     5.890012    11.245059    11.314006    13.869347    14.232810
    0.915440     4.132460     5.962331    11.211237    11.248486    13.872327    14.253870
    0.923773     4.139017     6.029476    11.181557    11.182478    13.875427    14.274535
    0.932107     4.146038     6.091254    11.113283    11.159061    13.878653    14.294747
    0.940440     4.153473     6.147540    11.043710    11.141193    13.882005    14.314470
    0.948773     4.161267     6.198280    10.972899    11.128992    13.885491    14.333657
    0.957107     4.169347     6.243483    10.900895    11.122498    13.889119    14.352274
    0.965440     4.177642     6.283211    10.827757    11.121677    13.892896    14.370295
    0.973773     4.186069     6.317588    10.753538    11.126417    13.896841    14.387686
    0.982107     4.194538     6.346767    10.678287    11.136550    13.900967    14.404429
    0.990440     4.202960     6.370942    10.602058    11.151845    13.905293    14.420507
    0.998773     4.211234     6.390321    10.524907    11.172033    13.909840    14.435913
    1.007107     4.219262     6.405122    10.446889    11.196817    13.914637    14.450636
    1.015440     4.226937     6.415566    10.368049    11.225867    13.919713    14.464681
    1.023773     4.234159     6.421868    10.288448    11.258859    13.925094    14.478052
    1.032107     4.240817     6.424215    10.208134    11.295455    13.930817    14.490760
    1.040440     4.246807     6.422788    10.127154    11.335336    13.936918    14.502818
    1.048773     4.252030     6.417740    10.045559    11.378188    13.943435    14.514252
    1.057107     4.256380     6.409202     9.963395    11.423718    13.950408    14.525084
    1.065440     4.259758     6.397276     9.880701    11.471658    13.957876    14.535349
    1.073773     4.262070     6.382053     9.797520    11.521762    13.965881    14.545074
    1.082107     4.263224     6.363603     9.713884    11.573803    13.974461    14.554304
    1.090440     4.263131     6.341982     9.629825    11.627589    13.983652    14.563076
    1.098773     4.261713     6.317237     9.545371    11.682936    13.993497    14.571432
    1.107107     4.258889     6.289414     9.460538    11.739702    14.004026    14.579418
    1.115440     4.254590     6.258553     9.375343    11.797745    14.015277    14.587078
    1.123773     4.248750     6.224704     9.289797    11.856951    14.027272    14.594456
    1.132107     4.241306     6.187922     9.203898    11.917224    14.040037    14.601600
    1.140440     4.232210     6.148271     9.117648    11.978481    14.053591    14.608546
    1.148773     4.221412     6.105830     9.031032    12.040649    14.067945    14.615342
    1.157107     4.208871     6.060687     8.944035    12.103668    14.083114    14.622019
    1.165440     4.194547     6.012945     8.856636    12.167488    14.099093    14.628617
    1.173773     4.178419     5.962724     8.768806    12.232069    14.115885    14.635164
    1.182107     4.160452     5.910149     8.680514    12.297376    14.133471    14.641691
    1.190440     4.140630     5.855359     8.591719    12.363385    14.151842    14.648214
    1.198773     4.118943     5.798503     8.502380    12.430064    14.170975    14.654756
    1.207107     4.095376     5.739732     8.412449    12.497407    14.190836    14.661327
    1.215440     4.069924     5.679198     8.321872    12.565391    14.211399    14.667938
    1.223773     4.042589     5.617057     8.230597    12.634004    14.232618    14.674593
    1.232107     4.013374     5.553456     8.138567    12.703241    14.254458    14.681297
    1.240440     3.982279     5.488536     8.045724    12.773087    14.276864    14.688042
    1.248773     3.949317     5.422423     7.952006    12.843535    14.299793    14.694829
    1.257107     3.914502     5.355233     7.857350    12.914565    14.323188    14.701652
    1.265440     3.877847     5.287069     7.761695    12.986171    14.346995    14.708506
    1.273773     3.839365     5.218006     7.664976    13.058322    14.371164    14.715380
    1.282107     3.799076     5.148107     7.567130    13.131000    14.395636    14.722275
    1.290440     3.757003     5.077412     7.468090    13.204168    14.420360    14.729185
    1.298773     3.713167     5.005936     7.367791    13.277785    14.445282    14.736114
    1.307107     3.667587     4.933674     7.266171    13.351807    14.470357    14.743063
    1.315440     3.620292     4.860605     7.163165    13.426167    14.495530    14.750042
    1.323773     3.571300     4.786683     7.058705    13.500797    14.520764    14.757066
    1.332107     3.520641     4.711848     6.952729    13.575620    14.546018    14.764159
    1.340440     3.468339     4.636022     6.845172    13.650541    14.571255    14.771342
    1.348773     3.414421     4.559116     6.735964    13.725453    14.596449    14.778651
    1.357107     3.358912     4.481035     6.625046    13.800245    14.621569    14.786128
    1.365440     3.301840     4.401671     6.512348    13.874789    14.646599    14.793812
    1.373773     3.243231     4.320919     6.397804    13.948948    14.671517    14.801756
    1.382107     3.183110     4.238668     6.281352    14.022577    14.696316    14.810018
    1.390440     3.121506     4.154819     6.162922    14.095520    14.720986    14.818658
    1.398773     3.058448     4.069273     6.042457    14.167623    14.745524    14.827733
    1.407107     2.993962     3.981943     5.919883    14.238716    14.769924    14.837312
    1.415440     2.928077     3.892755     5.795146    14.308630    14.794192    14.847454
    1.423773     2.860821     3.801645     5.668184    14.377202    14.818329    14.858222
    1.432107     2.792223     3.708572     5.538937    14.444263    14.842333    14.869677
    1.440440     2.722311     3.613501     5.407352    14.509641    14.866215    14.881870
    1.448773     2.651113     3.516432     5.273375    14.573188    14.889973    14.894845
    1.457107     2.578663     3.417368     5.136966    14.634745    14.908647    14.913612
    1.465440     2.504992     3.316338     4.998078    14.694170    14.923298    14.937125
    1.473773     2.430127     3.213395     4.856675    14.751337    14.938815    14.960508
    1.482107     2.354103     3.108597     4.712736    14.806127    14.955205    14.983754
    1.490440     2.276951     3.002033     4.566230    14.858435    14.972458    15.006853
    1.498773     2.198705     2.893795     4.417149    14.908180    14.990545    15.029781
    1.507107     2.119401     2.783999     4.265487    14.955292    15.009428    15.052518
    1.515440     2.039072     2.672767     4.111250    14.999718    15.029053    15.075032
    1.523773     1.957753     2.560234     3.954447    15.041431    15.049343    15.097289
    1.532107     1.875484     2.446541     3.795101    15.070217    15.080419    15.119242
    1.540440     1.792298     2.331831     3.633246    15.091572    15.116685    15.140852
    1.548773     1.708239     2.216258     3.468927    15.113292    15.150259    15.162062
    1.557107     1.623338     2.099969     3.302191    15.135245    15.181183    15.182807
    1.565440     1.537642     1.983110     3.133105    15.157298    15.203032    15.209516
    1.573773     1.451185     1.865819     2.961737    15.179300    15.222659    15.235337
    1.582107     1.364014     1.748237     2.788170    15.201089    15.241624    15.258736
    1.590440     1.276169     1.630485     2.612494    15.222506    15.259848    15.279811
    1.598773     1.187688     1.512672     2.434810    15.243387    15.277257    15.298680
    1.607107     1.098620     1.394905     2.255225    15.263560    15.293770    15.315460
    1.615440     1.009006     1.277266     2.073851    15.282860    15.309311    15.330275
    1.623773     0.918888     1.159822     1.890816    15.301124    15.323803    15.343256
    1.632107     0.828312     1.042628     1.706242    15.318191    15.337171    15.354529
    1.640440     0.737325     0.925723     1.520275    15.333909    15.349348    15.364218
    1.648773     0.645966     0.809119     1.333046    15.348143    15.360261    15.372444
    1.657107     0.554286     0.692827     1.144707    15.360755    15.369854    15.379322
    1.665440     0.462331     0.576831     0.955409    15.371638    15.378071    15.384955
    1.673773     0.370142     0.461105     0.765301    15.380683    15.384862    15.389431
    1.682107     0.277770     0.345613     0.574549    15.387809    15.390186    15.392827
    1.690440     0.185257     0.230301     0.383306    15.392947    15.394011    15.395211
    1.698773     0.092651     0.115117     0.191735    15.396050    15.396317    15.396620
    1.707107     0.000000     0.000000     0.000000    15.397087    15.397087    15.397087
    1.714858     0.093652     0.093652     0.182106    15.396344    15.396344    15.396608
    1.722610     0.187190     0.187190     0.364206    15.394119    15.394119    15.395163
    1.730361     0.280504     0.280504     0.546300    15.390423    15.390423    15.392746
    1.738113     0.373479     0.373479     0.728379    15.385281    15.385281    15.389350
    1.745865     0.466004     0.466004     0.910437    15.378725    15.378725    15.384958
    1.753616     0.557965     0.557965     1.092465    15.370795    15.370795    15.379552
    1.761368     0.649252     0.649252     1.274454    15.361535    15.361535    15.373116
    1.769119     0.739747     0.739747     1.456386    15.351006    15.351006    15.365621
    1.776871     0.829343     0.829343     1.638240    15.339266    15.339266    15.357044
    1.784622     0.917920     0.917920     1.820002    15.326390    15.326390    15.347361
    1.792374     1.005369     1.005369     2.001637    15.312447    15.312447    15.336538
    1.800125     1.091581     1.091581     2.183119    15.297523    15.297523    15.324552
    1.807877     1.176446     1.176446     2.364416    15.281700    15.281700    15.311374
    1.815628     1.259851     1.259851     2.545488    15.265071    15.265071    15.296977
    1.823380     1.341695     1.341695     2.726286    15.247725    15.247725    15.281334
    1.831132     1.421877     1.421877     2.906768    15.229758    15.229758    15.264426
    1.838883     1.500294     1.500294     3.086883    15.211267    15.211267    15.246235
    1.846635     1.576852     1.576852     3.266570    15.192344    15.192344    15.226736
    1.854386     1.651467     1.651467     3.445774    15.173091    15.173091    15.205922
    1.862138     1.724050     1.724050     3.624432    15.153599    15.153599    15.183782
    1.869889     1.794525     1.794525     3.802476    15.133962    15.133962    15.160314
    1.877641     1.862827     1.862827     3.979836    15.114269    15.114269    15.135515
    1.885392     1.928889     1.928889     4.156447    15.094612    15.094612    15.109388
    1.893144     1.992661     1.992661     4.332230    15.075068    15.075068    15.081948
    1.900896     2.054098     2.054098     4.507114    15.053201    15.055716    15.055716
    1.908647     2.113166     2.113166     4.681027    15.023165    15.036632    15.036632
    1.916399     2.169841     2.169841     4.853890    14.991867    15.017880    15.017880
    1.924150     2.224110     2.224110     5.025629    14.959324    14.999520    14.999520
    1.931902     2.275965     2.275965     5.196175    14.925571    14.981611    14.981611
    1.939653     2.325419     2.325419     5.365453    14.890633    14.964199    14.964199
    1.947405     2.372489     2.372489     5.533391    14.854547    14.947326    14.947326
    1.955156     2.417200     2.417200     5.699923    14.817342    14.931027    14.931027
    1.962908     2.459597     2.459597     5.864985    14.779059    14.915330    14.915330
    1.970659     2.499721     2.499721     6.028513    14.739732    14.900259    14.900259
    1.978411     2.537636     2.537636     6.190452    14.699392    14.885830    14.885830
    1.986163     2.573407     2.573407     6.350748    14.658075    14.872055    14.872055
    1.993914     2.607107     2.607107     6.509351    14.615813    14.858936    14.858936
    2.001666     2.638822     2.638822     6.666211    14.572640    14.846476    14.846476
    2.009417     2.668642     2.668642     6.821294    14.528579    14.834670    14.834670
    2.017169     2.696655     2.696655     6.974566    14.483655    14.823512    14.823512
    2.024920     2.722968     2.722968     7.125988    14.437889    14.812986    14.812986
    2.032672     2.747677     2.747677     7.275542    14.391301    14.803081    14.803081
    2.040423     2.770890     2.770890     7.423208    14.343901    14.793779    14.793779
    2.048175     2.792711     2.792711     7.568964    14.295703    14.785058    14.785058
    2.055927     2.813247     2.813247     7.712805    14.246705    14.776900    14.776900
    2.063678     2.832602     2.832602     7.854721    14.196913    14.769280    14.769280
    2.071430     2.850877     2.850877     7.994712    14.146326    14.762175    14.762175
    2.079181     2.868175     2.868175     8.132775    14.094932    14.755561    14.755561
    2.086933     2.884586     2.884586     8.268917    14.042729    14.749412    14.749412
    2.094684     2.900205     2.900205     8.403140    13.989702    14.743710    14.743710
    2.102436     2.915108     2.915108     8.535459    13.935835    14.738428    14.738428
    2.110187     2.929378     2.929378     8.665878    13.881120    14.733538    14.733538
    2.117939     2.943078     2.943078     8.794408    13.825542    14.729027    14.729027
    2.125690     2.956275     2.956275     8.921062    13.769082    14.724862    14.724862
    2.133442     2.969013     2.969013     9.045841    13.711731    14.721031    14.721031
    2.141194     2.981344     2.981344     9.168756    13.653482    14.717508    14.717508
    2.148945     2.993294     2.993294     9.289806    13.594327    14.714274    14.714274
    2.156697     3.004896     3.004896     9.408986    13.534269    14.711315    14.711315
    2.164448     3.016159     3.016159     9.526289    13.473321    14.708611    14.708611
    2.172200     3.027098     3.027098     9.641688    13.411498    14.706140    14.706140
    2.179951     3.037711     3.037711     9.755156    13.348833    14.703895    14.703895
    2.187703     3.047994     3.047994     9.866646    13.285370    14.701856    14.701856
    2.195454     3.057929     3.057929     9.976092    13.221175    14.700013    14.700013
    2.203206     3.067498     3.067498    10.083408    13.156342    14.698349    14.698349
    2.210958     3.076678     3.076678    10.188477    13.090984    14.696850    14.696850
    2.218709     3.085438     3.085438    10.291150    13.025258    14.695510    14.695510
    2.226461     3.093748     3.093748    10.391226    12.959363    14.694314    14.694314
    2.234212     3.101570     3.101570    10.488449    12.893562    14.693252    14.693252
    2.241964     3.108873     3.108873    10.582488    12.828195    14.692317    14.692317
    2.249715     3.115618     3.115618    10.672902    12.763701    14.691495    14.691495
    2.257467     3.121767     3.121767    10.759135    12.700645    14.690785    14.690785
    2.265218     3.127289     3.127289    10.840453    12.639763    14.690173    14.690173
    2.272970     3.132146     3.132146    10.915911    12.582005    14.689658    14.689658
    2.280721     3.136313     3.136313    10.984309    12.528576    14.689232    14.689232
    2.288473     3.139757     3.139757    11.044159    12.480966    14.688890    14.688890
    2.296225     3.142464     3.142464    11.093709    12.440938    14.688629    14.688629
    2.303976     3.144410     3.144410    11.131039    12.410404    14.688444    14.688444
    2.311728     3.145582     3.145582    11.154342    12.391178    14.688336    14.688336
    2.319479     3.145975     3.145975    11.162275    12.384604    14.688297    14.688297
