&CONTROL
  calculation = 'scf'
  prefix = 'si_sup'
  outdir = './tmp'
  pseudo_dir = '../../../pseudopotentzialak/'
  tprnfor = .true.
/
&SYSTEM
  ibrav = 0
  nat = 128
  ntyp = 1
  ecutwfc = 35
  occupations = 'fixed'
/
&ELECTRONS
  conv_thr = 1.0d-16
/
ATOMIC_SPECIES
  Si 28.086 Si.upf

CELL_PARAMETERS angstrom
  -10.787568    0.000000   10.787568
    0.000000   10.787568   10.787568
  -10.787568   10.787568    0.000000

ATOMIC_POSITIONS angstrom
Si 0.000000 0.010000 0.000000
Si -1.348446 1.348446 1.348446
Si -2.696892 2.696892 0.000000
Si -4.045338 4.045338 1.348446
Si -5.393784 5.393784 0.000000
Si -6.742230 6.742230 1.348446
Si -8.090676 8.090676 0.000000
Si -9.439122 9.439122 1.348446
Si 0.000000 2.696892 2.696892
Si -1.348446 4.045338 4.045338
Si -2.696892 5.393784 2.696892
Si -4.045338 6.742230 4.045338
Si -5.393784 8.090676 2.696892
Si -6.742230 9.439122 4.045338
Si -8.090676 10.787568 2.696892
Si -9.439122 12.136014 4.045338
Si 0.000000 5.393784 5.393784
Si -1.348446 6.742230 6.742230
Si -2.696892 8.090676 5.393784
Si -4.045338 9.439122 6.742230
Si -5.393784 10.787568 5.393784
Si -6.742230 12.136014 6.742230
Si -8.090676 13.484460 5.393784
Si -9.439122 14.832906 6.742230
Si 0.000000 8.090676 8.090676
Si -1.348446 9.439122 9.439122
Si -2.696892 10.787568 8.090676
Si -4.045338 12.136014 9.439122
Si -5.393784 13.484460 8.090676
Si -6.742230 14.832906 9.439122
Si -8.090676 16.181352 8.090676
Si -9.439122 17.529798 9.439122
Si -2.696892 0.000000 2.696892
Si -4.045338 1.348446 4.045338
Si -5.393784 2.696892 2.696892
Si -6.742230 4.045338 4.045338
Si -8.090676 5.393784 2.696892
Si -9.439122 6.742230 4.045338
Si -10.787568 8.090676 2.696892
Si -12.136014 9.439122 4.045338
Si -2.696892 2.696892 5.393784
Si -4.045338 4.045338 6.742230
Si -5.393784 5.393784 5.393784
Si -6.742230 6.742230 6.742230
Si -8.090676 8.090676 5.393784
Si -9.439122 9.439122 6.742230
Si -10.787568 10.787568 5.393784
Si -12.136014 12.136014 6.742230
Si -2.696892 5.393784 8.090676
Si -4.045338 6.742230 9.439122
Si -5.393784 8.090676 8.090676
Si -6.742230 9.439122 9.439122
Si -8.090676 10.787568 8.090676
Si -9.439122 12.136014 9.439122
Si -10.787568 13.484460 8.090676
Si -12.136014 14.832906 9.439122
Si -2.696892 8.090676 10.787568
Si -4.045338 9.439122 12.136014
Si -5.393784 10.787568 10.787568
Si -6.742230 12.136014 12.136014
Si -8.090676 13.484460 10.787568
Si -9.439122 14.832906 12.136014
Si -10.787568 16.181352 10.787568
Si -12.136014 17.529798 12.136014
Si -5.393784 0.000000 5.393784
Si -6.742230 1.348446 6.742230
Si -8.090676 2.696892 5.393784
Si -9.439122 4.045338 6.742230
Si -10.787568 5.393784 5.393784
Si -12.136014 6.742230 6.742230
Si -13.484460 8.090676 5.393784
Si -14.832906 9.439122 6.742230
Si -5.393784 2.696892 8.090676
Si -6.742230 4.045338 9.439122
Si -8.090676 5.393784 8.090676
Si -9.439122 6.742230 9.439122
Si -10.787568 8.090676 8.090676
Si -12.136014 9.439122 9.439122
Si -13.484460 10.787568 8.090676
Si -14.832906 12.136014 9.439122
Si -5.393784 5.393784 10.787568
Si -6.742230 6.742230 12.136014
Si -8.090676 8.090676 10.787568
Si -9.439122 9.439122 12.136014
Si -10.787568 10.787568 10.787568
Si -12.136014 12.136014 12.136014
Si -13.484460 13.484460 10.787568
Si -14.832906 14.832906 12.136014
Si -5.393784 8.090676 13.484460
Si -6.742230 9.439122 14.832906
Si -8.090676 10.787568 13.484460
Si -9.439122 12.136014 14.832906
Si -10.787568 13.484460 13.484460
Si -12.136014 14.832906 14.832906
Si -13.484460 16.181352 13.484460
Si -14.832906 17.529798 14.832906
Si -8.090676 0.000000 8.090676
Si -9.439122 1.348446 9.439122
Si -10.787568 2.696892 8.090676
Si -12.136014 4.045338 9.439122
Si -13.484460 5.393784 8.090676
Si -14.832906 6.742230 9.439122
Si -16.181352 8.090676 8.090676
Si -17.529798 9.439122 9.439122
Si -8.090676 2.696892 10.787568
Si -9.439122 4.045338 12.136014
Si -10.787568 5.393784 10.787568
Si -12.136014 6.742230 12.136014
Si -13.484460 8.090676 10.787568
Si -14.832906 9.439122 12.136014
Si -16.181352 10.787568 10.787568
Si -17.529798 12.136014 12.136014
Si -8.090676 5.393784 13.484460
Si -9.439122 6.742230 14.832906
Si -10.787568 8.090676 13.484460
Si -12.136014 9.439122 14.832906
Si -13.484460 10.787568 13.484460
Si -14.832906 12.136014 14.832906
Si -16.181352 13.484460 13.484460
Si -17.529798 14.832906 14.832906
Si -8.090676 8.090676 16.181352
Si -9.439122 9.439122 17.529798
Si -10.787568 10.787568 16.181352
Si -12.136014 12.136014 17.529798
Si -13.484460 13.484460 16.181352
Si -14.832906 14.832906 17.529798
Si -16.181352 16.181352 16.181352
Si -17.529798 17.529798 17.529798

K_POINTS automatic
  3 3 3 0 0 0
