    0.000000    -0.000000    -0.000000     0.000000   906.669700  1545.600800  1545.600800
    0.011547    11.964400    17.705500    34.164800   906.507100  1545.467300  1545.580700
    0.023094    23.924800    35.401500    68.307700   906.019500  1545.066900  1545.520100
    0.034641    35.877200    53.078100   102.406500   905.207700  1544.400600  1545.417500
    0.046188    47.817600    70.725800   136.439500   904.073100  1543.469800  1545.270800
    0.057735    59.742100    88.334800   170.384700   902.617300  1542.276300  1545.076900
    0.069282    71.646700   105.895200   204.220600   900.842900  1540.822700  1544.831900
    0.080829    83.527600   123.397200   237.925500   898.752500  1539.112100  1544.531100
    0.092376    95.380800   140.830800   271.478000   896.349700  1537.148200  1544.168900
    0.103923   107.202800   158.185700   304.857200   893.638300  1534.935200  1543.738900
    0.115470   118.989700   175.451700   338.042000   890.622600  1532.478000  1543.233900
    0.127017   130.737900   192.618200   371.011900   887.307600  1529.782000  1542.646200
    0.138564   142.443900   209.674600   403.746600   883.698500  1526.853400  1541.966900
    0.150111   154.104100   226.609700   436.226100   879.801300  1523.698700  1541.187000
    0.161658   165.715100   243.412500   468.430800   875.622200  1520.325300  1540.296300
    0.173205   177.273500   260.071400   500.341500   871.168200  1516.741300  1539.284400
    0.184752   188.776100   276.574500   531.939400   866.446400  1512.955300  1538.140100
    0.196299   200.219500   292.909600   563.206200   861.464600  1508.976700  1536.851800
    0.207846   211.600600   309.064100   594.124000   856.231100  1504.815700  1535.407200
    0.219393   222.916000   325.024900   624.675500   850.754500  1500.483000  1533.793800
    0.230940   234.162700   340.778500   654.843700   845.044000  1495.990200  1531.998600
    0.242487   245.337300   356.310800   684.612400   839.109200  1491.349900  1530.008100
    0.254034   256.436500   371.607200   713.965800   832.960200  1486.575300  1527.808600
    0.265581   267.456800   386.652500   742.888900   826.607800  1481.680300  1525.386100
    0.277128   278.394700   401.430900   771.366900   820.062900  1476.680100  1522.726400
    0.288675   289.246200   415.925700   799.386100   813.337500  1471.590500  1519.815100
    0.300222   300.007300   430.119600   806.443700   826.933200  1466.428200  1516.637600
    0.311769   310.673200   443.994700   799.394700   853.995600  1461.211000  1513.179300
    0.323316   321.238800   457.532100   792.204100   880.561300  1455.957700  1509.425400
    0.334863   331.698400   470.712000   784.886700   906.619200  1450.687900  1505.361200
    0.346410   342.045100   483.514000   777.458000   932.158700  1445.422400  1500.972100
    0.357957   352.271300   495.916700   769.934800   957.170100  1440.182700  1496.243300
    0.369504   362.367600   507.897900   762.335300   981.644300  1434.991500  1491.160400
    0.381051   372.323300   519.434400   754.679400  1005.573000  1429.872200  1485.709000
    0.392598   382.125300   530.502700   746.988900  1028.948700  1424.849200  1479.874900
    0.404145   391.757900   541.078100   739.288400  1051.764500  1419.947500  1473.644300
    0.415692   401.202300   551.135600   731.605200  1074.014500  1415.193000  1467.003400
    0.427239   410.435300   560.649600   723.970900  1095.693400  1410.611700  1459.938900
    0.438786   419.428900   569.594300   716.421600  1116.796600  1406.230300  1452.437900
    0.450333   428.148700   577.943800   708.999400  1137.320400  1402.075200  1444.487800
    0.461880   436.552600   585.672500   701.753600  1157.261900  1398.173000  1436.076400
    0.473427   444.589200   592.755000   694.742600  1176.618700  1394.549400  1427.192000
    0.484974   452.195800   599.167000   688.035300  1195.389200  1391.229700  1417.823600
    0.496521   459.297000   604.885000   681.713200  1213.572400  1388.237700  1407.960800
    0.508068   465.802900   609.887200   675.871200  1231.167800  1385.595800  1397.593900
    0.519615   471.609500   614.153900   670.618000  1248.174800  1383.324300  1386.714800
    0.531162   476.600500   617.667300   666.074000  1264.592300  1375.317000  1381.441400
    0.542709   480.652700   620.412400   662.365500  1280.415800  1363.399000  1379.962300
    0.554256   483.646200   622.377400   659.615000  1295.627600  1350.973700  1378.899400
    0.565803   485.478700   623.553300   657.926900  1310.127400  1338.137800  1378.261600
    0.577350   486.080300   623.935000   657.371900  1320.990000  1327.814600  1378.054300
    0.584017   486.111500   624.225600   657.336000  1320.905500  1327.674400  1378.179300
    0.590684   486.204900   625.096100   657.228500  1320.652100  1327.258100  1378.550100
    0.597350   486.360700   626.542800   657.049200  1320.230200  1326.578200  1379.153900
    0.604017   486.579000   628.559500   656.798300  1319.640200  1325.653400  1379.971700
    0.610684   486.859900   631.137900   656.475800  1318.882700  1324.506700  1380.980600
    0.617350   487.203600   634.267100   656.081600  1317.958500  1323.162700  1382.155400
    0.624017   487.610300   637.934300   655.615900  1316.868900  1321.645800  1383.471300
    0.630684   488.080200   642.124800   655.078700  1315.615000  1319.979200  1384.904700
    0.637350   488.613700   646.822000   654.470000  1314.198400  1318.183700  1386.434000
    0.644017   489.211000   652.007800   653.789800  1312.621000  1316.277900  1388.040000
    0.650683   489.872600   653.038400   657.662500  1310.884900  1314.277700  1389.705700
    0.657350   490.598700   652.215700   663.765400  1308.992400  1312.197000  1391.416400
    0.664017   491.389900   651.321800   670.294400  1306.946300  1310.047300  1393.159500
    0.670683   492.246500   650.356900   677.226900  1304.749600  1307.838700  1394.923600
    0.677350   493.168900   649.321000   684.539300  1302.405500  1305.579800  1396.699300
    0.684017   494.157700   648.214200   692.207300  1299.917200  1303.278100  1398.478100
    0.690683   495.213300   647.036700   700.206300  1297.288500  1300.940100  1400.252500
    0.697350   496.336200   645.788500   708.511300  1294.523500  1298.571400  1402.015900
    0.704017   497.526900   644.469800   717.096800  1291.626500  1296.176900  1403.762500
    0.710683   498.785800   643.080800   725.937200  1288.602800  1293.760500  1405.486900
    0.717350   500.113500   641.621600   735.006700  1285.458000  1291.326000  1407.184500
    0.724017   501.510500   640.092300   744.279200  1282.198600  1288.876100  1408.850800
    0.730683   502.977200   638.493000   753.728500  1278.831700  1286.413500  1410.481900
    0.737350   504.514100   636.824100   763.327900  1275.365100  1283.940300  1412.074100
    0.744017   506.121700   635.085500   773.050800  1271.807900  1281.458300  1413.624000
    0.750683   507.800400   633.277600   782.869800  1268.169700  1278.969100  1415.128500
    0.757350   509.550500   631.400500   792.757200  1264.461600  1276.473900  1416.584600
    0.764017   511.372500   629.454400   802.684600  1260.696000  1273.973800  1417.989800
    0.770683   513.266600   627.439500   812.622800  1256.886500  1271.469500  1419.341500
    0.777350   515.233300   625.356000   822.541500  1253.048600  1268.961600  1420.637400
    0.784017   517.272700   623.204100   832.409300  1249.199800  1266.450500  1421.875400
    0.790683   519.385200   620.984100   842.193100  1245.359700  1263.936200  1423.053600
    0.797350   521.570800   618.696100   851.858100  1241.550100  1261.418600  1424.170300
    0.804017   523.829700   616.340500   861.367400  1237.796000  1258.897600  1425.224000
    0.810683   526.161900   613.917500   870.681500  1234.125200  1256.372500  1426.213300
    0.817350   528.567600   611.427200   879.758300  1230.568900  1253.842500  1427.137100
    0.824017   531.046600   608.870100   888.552500  1227.162000  1251.306800  1427.994500
    0.830683   533.598900   606.246300   897.015800  1223.943200  1248.764000  1428.784700
    0.837350   536.224200   603.556200   905.096200  1220.955100  1246.212800  1429.507400
    0.844017   538.922400   600.799900   912.738900  1218.244000  1243.651300  1430.162300
    0.850683   541.693100   597.977900   919.886000  1215.859600  1241.077500  1430.749400
    0.857350   544.536000   595.090300   926.478000  1213.853900  1238.489200  1431.268900
    0.864017   547.450600   592.137600   932.454600  1212.279800  1235.883800  1431.721600
    0.870683   550.436500   589.120000   937.756900  1211.189800  1233.258400  1432.108100
    0.877350   553.493000   586.037800   942.329500  1210.632800  1230.609700  1432.429700
    0.884017   556.619500   582.891500   946.123700  1210.652000  1227.934300  1432.687800
    0.890683   559.815100   579.681200   949.099700  1211.281600  1225.228400  1432.884200
    0.897350   563.079100   576.407600   951.229600  1212.544700  1222.487800  1433.021000
    0.904017   566.409800   573.071500   952.499000  1214.450400  1219.708400  1433.100500
    0.910683   569.598600   569.881100   952.908100  1216.823000  1217.057000  1433.125700
    0.924017   562.901400   576.583400   951.315900  1211.260100  1223.674300  1433.031400
    0.937350   555.674500   583.821600   946.592300  1205.219200  1232.731600  1432.760300
    0.950683   548.203400   591.303000   939.105400  1198.882400  1243.605800  1432.346500
    0.964017   540.491300   599.016200   929.262600  1192.192000  1255.873400  1431.829400
    0.977350   532.541500   606.948900   917.451300  1185.085900  1269.135500  1431.252700
    0.990683   524.357400   615.087400   904.008600  1177.498000  1283.048000  1430.663600
    1.004017   515.942400   623.417300   889.214300  1169.359400  1297.327900  1430.111900
    1.017350   507.300200   631.923300   873.294900  1160.600200  1311.749600  1429.648300
    1.030683   498.434400   640.589100   856.432400  1151.150600  1326.135400  1429.322900
    1.044017   489.348800   649.397700   838.773300  1140.943300  1340.346600  1429.183500
    1.057350   480.047400   658.331700   820.436500  1129.914300  1354.275000  1429.274000
    1.070683   470.534100   667.372600   801.519900  1118.005200  1367.836900  1429.633000
    1.084017   460.813000   676.501700   782.104800  1105.164300  1380.967300  1430.292600
    1.097350   450.888400   685.699900   762.260300  1091.347000  1393.616500  1431.277400
    1.110683   440.764400   694.947400   742.045600  1076.516900  1405.746800  1432.604400
    1.124017   430.445500   704.224500   721.512100  1060.645400  1417.330700  1434.283000
    1.137350   419.936100   700.705400   713.511100  1043.712200  1428.348600  1436.314700
    1.150683   409.240800   679.665800   722.787000  1025.704100  1438.694700  1438.788000
    1.164016   398.364300   658.429700   732.031700  1006.614900  1441.411700  1448.641900
    1.177350   387.311200   637.030000   741.225100   986.444200  1444.449300  1457.908500
    1.190683   376.086400   615.496800   750.346800   965.197400  1447.786500  1466.590200
    1.204016   364.694800   593.857400   759.376800   942.884400  1451.398800  1474.693300
    1.217350   353.141300   572.137000   768.295200   919.519000  1455.258900  1482.227100
    1.230683   341.431000   550.358500   777.082000   895.118900  1459.337200  1489.204200
    1.244016   329.569100   528.543100   785.718100   869.704400  1463.602800  1495.639500
    1.257350   317.560700   506.710000   794.184300   843.298700  1468.023400  1501.550000
    1.270683   305.411200   484.876800   802.461800   815.927100  1472.566600  1506.954900
    1.284016   293.125800   463.059300   787.617000   810.532500  1477.199400  1511.875100
    1.297350   280.709900   441.271800   758.397700   818.378600  1481.889100  1516.332700
    1.310683   268.169100   419.527000   728.300100   825.982900  1486.603200  1520.351200
    1.324016   255.508900   397.835900   697.356500   833.328600  1491.309900  1523.955000
    1.337350   242.734900   376.208000   665.600700   840.399600  1495.978200  1527.169200
    1.350683   229.852700   354.651400   633.067800   847.180400  1500.577900  1530.019300
    1.364016   216.868100   333.172500   599.794200   853.656400  1505.080000  1532.531300
    1.377350   203.786700   311.776300   565.817100   859.813300  1509.456500  1534.731200
    1.390683   190.614500   290.466400   531.175200   865.637700  1513.680900  1536.644600
    1.404016   177.357200   269.244700   495.908000   871.117000  1517.728000  1538.297100
    1.417350   164.020700   248.111800   460.056100   876.239400  1521.573900  1539.713200
    1.430683   150.611000   227.067100   423.660700   880.993600  1525.196400  1540.917000
    1.444016   137.134100   206.108500   386.764200   885.369500  1528.574800  1541.931500
    1.457350   123.595900   185.232500   349.409600   889.357500  1531.690100  1542.778200
    1.470683   110.002600   164.434700   311.640600   892.949100  1534.524800  1543.477600
    1.484016    96.360000   143.709500   273.501500   896.136600  1537.063300  1544.048200
    1.497350    82.674400   123.050000   235.037400   898.913100  1539.291700  1544.507000
    1.510683    68.951900   102.448800   196.293800   901.272500  1541.197900  1544.869000
    1.524016    55.198500    81.897400   157.316400   903.210000  1542.771600  1545.147100
    1.537349    41.420500    61.386700   118.151700   904.721200  1544.004400  1545.352000
    1.550683    27.624000    40.907000    78.846100   905.802900  1544.889700  1545.492300
    1.564016    13.815100    20.448200    39.446600   906.452900  1545.422800  1545.574000
    1.577349    -0.000000    -0.000000     0.000000   906.669700  1545.600800  1545.600800
