&CONTROL
  calculation = 'scf'
  prefix = 'si_sup'
  outdir = './tmp'
  pseudo_dir = '../../../pseudopotentzialak/'
  tprnfor = .true.
/
&SYSTEM
  ibrav = 0
  nat = 128
  ntyp = 1
  ecutwfc = 35
  occupations = 'fixed'
/
&ELECTRONS
  conv_thr = 1.0d-16
/
ATOMIC_SPECIES
  Si 28.086 Si.upf

CELL_PARAMETERS angstrom
  -10.787568    0.000000   10.787568
    0.000000   10.787568   10.787568
  -10.787568   10.787568    0.000000

ATOMIC_POSITIONS crystal
Si  0.000000  0.000000  0.000000
Si  0.062500  0.062500  0.062500
Si  0.000000  0.000000  0.250000
Si  0.062500  0.062500  0.312500
Si  0.000000  0.000000  0.500000
Si  0.062500  0.062500  0.562500
Si  0.000000  0.000000  0.750000
Si  0.062500  0.062500  0.812500
Si  0.000000  0.250000  0.000000
Si  0.062500  0.312500  0.062500
Si  0.000000  0.250000  0.250000
Si  0.062500  0.312500  0.312500
Si  0.000000  0.250000  0.500000
Si  0.062500  0.312500  0.562500
Si  0.000000  0.250000  0.750000
Si  0.062500  0.312500  0.812500
Si  0.000000  0.500000  0.000000
Si  0.062500  0.562500  0.062500
Si  0.000000  0.500000  0.250000
Si  0.062500  0.562500  0.312500
Si  0.000000  0.500000  0.500000
Si  0.062500  0.562500  0.562500
Si  0.000000  0.500000  0.750000
Si  0.062500  0.562500  0.812500
Si  0.000000  0.750000  0.000000
Si  0.062500  0.812500  0.062500
Si  0.000000  0.750000  0.250000
Si  0.062500  0.812500  0.312500
Si  0.000000  0.750000  0.500000
Si  0.062500  0.812500  0.562500
Si  0.000000  0.750000  0.750000
Si  0.062500  0.812500  0.812500
Si  0.250000  0.000000  0.000000
Si  0.312500  0.062500  0.062500
Si  0.250000  0.000000  0.250000
Si  0.312500  0.062500  0.312500
Si  0.250000  0.000000  0.500000
Si  0.312500  0.062500  0.562500
Si  0.250000  0.000000  0.750000
Si  0.312500  0.062500  0.812500
Si  0.250000  0.250000  0.000000
Si  0.312500  0.312500  0.062500
Si  0.250000  0.250000  0.250000
Si  0.312500  0.312500  0.312500
Si  0.250000  0.250000  0.500000
Si  0.312500  0.312500  0.562500
Si  0.250000  0.250000  0.750000
Si  0.312500  0.312500  0.812500
Si  0.250000  0.500000  0.000000
Si  0.312500  0.562500  0.062500
Si  0.250000  0.500000  0.250000
Si  0.312500  0.562500  0.312500
Si  0.250000  0.500000  0.500000
Si  0.312500  0.562500  0.562500
Si  0.250000  0.500000  0.750000
Si  0.312500  0.562500  0.812500
Si  0.250000  0.750000  0.000000
Si  0.312500  0.812500  0.062500
Si  0.250000  0.750000  0.250000
Si  0.312500  0.812500  0.312500
Si  0.250000  0.750000  0.500000
Si  0.312500  0.812500  0.562500
Si  0.250000  0.750000  0.750000
Si  0.312500  0.812500  0.812500
Si  0.500000  0.000000  0.000000
Si  0.562500  0.062500  0.062500
Si  0.500000  0.000000  0.250000
Si  0.562500  0.062500  0.312500
Si  0.500000  0.000000  0.500000
Si  0.562500  0.062500  0.562500
Si  0.500000  0.000000  0.750000
Si  0.562500  0.062500  0.812500
Si  0.500000  0.250000  0.000000
Si  0.562500  0.312500  0.062500
Si  0.500000  0.250000  0.250000
Si  0.562500  0.312500  0.312500
Si  0.500000  0.250000  0.500000
Si  0.562500  0.312500  0.562500
Si  0.500000  0.250000  0.750000
Si  0.562500  0.312500  0.812500
Si  0.500000  0.500000  0.000000
Si  0.562500  0.562500  0.062500
Si  0.500000  0.500000  0.250000
Si  0.562500  0.562500  0.312500
Si  0.500000  0.500000  0.500000
Si  0.562500  0.562500  0.562500
Si  0.500000  0.500000  0.750000
Si  0.562500  0.562500  0.812500
Si  0.500000  0.750000  0.000000
Si  0.562500  0.812500  0.062500
Si  0.500000  0.750000  0.250000
Si  0.562500  0.812500  0.312500
Si  0.500000  0.750000  0.500000
Si  0.562500  0.812500  0.562500
Si  0.500000  0.750000  0.750000
Si  0.562500  0.812500  0.812500
Si  0.750000  0.000000  0.000000
Si  0.812500  0.062500  0.062500
Si  0.750000  0.000000  0.250000
Si  0.812500  0.062500  0.312500
Si  0.750000  0.000000  0.500000
Si  0.812500  0.062500  0.562500
Si  0.750000  0.000000  0.750000
Si  0.812500  0.062500  0.812500
Si  0.750000  0.250000  0.000000
Si  0.812500  0.312500  0.062500
Si  0.750000  0.250000  0.250000
Si  0.812500  0.312500  0.312500
Si  0.750000  0.250000  0.500000
Si  0.812500  0.312500  0.562500
Si  0.750000  0.250000  0.750000
Si  0.812500  0.312500  0.812500
Si  0.750000  0.500000  0.000000
Si  0.812500  0.562500  0.062500
Si  0.750000  0.500000  0.250000
Si  0.812500  0.562500  0.312500
Si  0.750000  0.500000  0.500000
Si  0.812500  0.562500  0.562500
Si  0.750000  0.500000  0.750000
Si  0.812500  0.562500  0.812500
Si  0.750000  0.750000  0.000000
Si  0.812500  0.812500  0.062500
Si  0.750000  0.750000  0.250000
Si  0.812500  0.812500  0.312500
Si  0.750000  0.750000  0.500000
Si  0.812500  0.812500  0.562500
Si  0.750000  0.750000  0.750000
Si  0.812500  0.812500  0.812500

K_POINTS automatic
  3 3 3 0 0 0
